49.99228	1.20149
50.02937	1.24402
50.06646	1.28525
50.10354	1.32381
50.14063	1.35892
50.17771	1.39051
50.21480	1.41921
50.25189	1.44614
50.28897	1.47258
50.32606	1.49951
50.36315	1.52720
50.40023	1.55495
50.43732	1.58117
50.47440	1.60360
50.51149	1.61973
50.54858	1.62723
50.58566	1.62420
50.62275	1.60942
50.65984	1.58238
50.69692	1.54335
50.73401	1.49330
50.77109	1.43372
50.80818	1.36656
50.84527	1.29406
50.88235	1.21861
50.91944	1.14274
50.95653	1.06905
50.99361	1.00038
51.03070	0.93986
51.06778	0.89095
51.10487	0.85680
51.14196	0.83898
51.17904	0.83634
51.21613	0.84537
51.25322	0.86178
51.29030	0.88185
51.32739	0.90277
51.36447	0.92255
51.40156	0.93983
51.43865	0.95367
51.47573	0.96344
51.51282	0.96877
51.54991	0.96948
51.58699	0.96563
51.62408	0.95747
51.66116	0.94550
51.69825	0.93043
51.73534	0.91321
51.77242	0.89491
51.80951	0.87659
51.84660	0.85907
51.88368	0.84274
51.92077	0.82733
51.95786	0.81194
51.99494	0.79515
52.03203	0.77534
52.06911	0.75094
52.10620	0.72075
52.14329	0.68412
52.18037	0.64101
52.21746	0.59199
52.25455	0.53816
52.29163	0.48109
52.32872	0.42275
52.36580	0.36623
52.40289	0.32031
52.43998	0.31969
52.47706	0.36449
52.51415	0.41739
52.55124	0.46941
52.58832	0.51851
52.62541	0.56407
52.66249	0.60580
52.69958	0.64345
52.73667	0.67654
52.77375	0.70437
52.81084	0.72600
52.84793	0.74041
52.88501	0.74666
52.92210	0.74407
52.95918	0.73234
52.99627	0.71168
53.03336	0.68281
53.07044	0.64696
53.10753	0.60577
53.14462	0.56115
53.18170	0.51508
53.21879	0.46943
53.25587	0.42575
53.29296	0.38510
53.33005	0.34807
53.36713	0.32681
53.40422	0.33520
53.44131	0.34633
53.47839	0.36124
53.51548	0.38048
53.55256	0.40382
53.58965	0.43039
53.62674	0.45879
53.66382	0.48736
53.70091	0.51434
53.73800	0.53805
53.77508	0.55693
53.81217	0.56962
53.84925	0.57496
53.88634	0.57205
53.92343	0.56038
53.96051	0.53993
53.99760	0.51132
54.03469	0.47586
54.07177	0.43554
54.10886	0.39299
54.14594	0.35124
54.18303	0.31359
54.22012	0.28365
54.25720	0.26634
54.29429	0.26843
54.33138	0.29176
54.36846	0.32812
54.40555	0.36934
54.44263	0.41112
54.47972	0.45117
54.51681	0.48797
54.55389	0.52032
54.59098	0.54731
54.62807	0.56834
54.66515	0.58324
54.70224	0.59234
54.73932	0.59640
54.77641	0.59643
54.81350	0.59341
54.85058	0.58807
54.88767	0.58071
54.92476	0.57130
54.96184	0.55958
54.99893	0.54529
55.03601	0.52832
55.07310	0.50906
55.11019	0.49025
55.14727	0.48869
55.18436	0.51374
55.22145	0.53894
55.25853	0.55714
55.29562	0.56721
55.33271	0.56915
55.36979	0.56347
55.40688	0.55099
55.44396	0.53287
55.48105	0.51060
55.51814	0.48602
55.55522	0.46123
55.59231	0.43851
55.62940	0.41997
55.66648	0.40723
55.70357	0.40096
55.74065	0.40063
55.77774	0.40453
55.81483	0.41029
55.85191	0.41546
55.88900	0.41802
55.92609	0.41677
55.96317	0.41147
56.00026	0.40295
56.03734	0.39293
56.07443	0.38350
56.11152	0.37628
56.14860	0.37171
56.18569	0.36911
56.22278	0.36733
56.25986	0.36536
56.29695	0.36281
56.33403	0.36036
56.37112	0.36031
56.40821	0.36621
56.44529	0.37901
56.48238	0.39608
56.51947	0.41572
56.55655	0.43839
56.59364	0.46551
56.63072	0.49847
56.66781	0.53791
56.70490	0.58355
56.74198	0.63422
56.77907	0.68805
56.81616	0.74279
56.85324	0.79597
56.89033	0.84511
56.92741	0.88779
56.96450	0.92178
57.00159	0.94511
57.03867	0.95613
57.07576	0.95365
57.11285	0.93699
57.14993	0.90610
57.18702	0.86167
57.22410	0.80519
57.26119	0.73909
57.29828	0.66695
57.33536	0.59383
57.37245	0.52682
57.40954	0.47438
57.44662	0.44206
57.48371	0.42768
57.52079	0.42489
57.55788	0.42882
57.59497	0.43723
57.63205	0.44950
57.66914	0.46576
57.70623	0.48649
57.74331	0.51227
57.78040	0.54358
57.81748	0.58044
57.85457	0.62219
57.89166	0.66744
57.92874	0.71418
57.96583	0.76003
58.00292	0.80245
58.04000	0.83892
58.07709	0.86713
58.11417	0.88523
58.15126	0.89190
58.18835	0.88650
58.22543	0.86912
58.26252	0.84053
58.29961	0.80205
58.33669	0.75531
58.37378	0.70197
58.41086	0.64342
58.44795	0.58074
58.48504	0.51481
58.52212	0.44671
58.55921	0.37799
58.59630	0.31083
58.63338	0.24810
58.67047	0.19299
58.70756	0.14819
58.74464	0.11696
58.78173	0.10630
58.81881	0.11859
58.85590	0.14663
58.89299	0.18638
58.93007	0.23503
58.96716	0.28964
59.00425	0.34818
59.04133	0.40927
59.07842	0.47183
59.11550	0.53480
59.15259	0.59708
59.18968	0.65745
59.22676	0.71463
59.26385	0.76732
59.30094	0.81430
59.33802	0.85452
59.37511	0.88716
59.41219	0.91172
59.44928	0.92806
59.48637	0.93641
59.52345	0.93742
59.56054	0.93208
59.59763	0.92172
59.63471	0.90788
59.67180	0.89214
59.70888	0.87590
59.74597	0.86018
59.78306	0.84549
59.82014	0.83183
59.85723	0.81878
59.89432	0.80560
59.93140	0.79140
59.96849	0.77522
60.00557	0.75624
60.04266	0.73390
60.07975	0.70798
60.11683	0.67869
60.15392	0.64672
60.19101	0.61310
60.22809	0.57917
60.26518	0.54638
60.30226	0.51617
60.33935	0.48976
60.37644	0.46806
60.41352	0.45156
60.45061	0.44031
60.48770	0.43401
60.52478	0.43217
60.56187	0.43431
60.59895	0.44001
60.63604	0.44889
60.67313	0.46048
60.71021	0.47423
60.74730	0.48948
60.78439	0.50555
60.82147	0.52195
60.85856	0.53863
60.89564	0.55621
60.93273	0.57589
60.96982	0.59865
61.00690	0.62427
61.04399	0.65142
61.08108	0.67860
61.11816	0.70490
61.15525	0.73011
61.19233	0.75466
61.22942	0.77935
61.26651	0.80511
61.30359	0.83274
61.34068	0.86267
61.37777	0.89484
61.41485	0.92870
61.45194	0.96330
61.48902	0.99752
61.52611	1.03026
61.56320	1.06064
61.60028	1.08808
61.63737	1.11246
61.67446	1.13401
61.71154	1.15332
61.74863	1.17121
61.78571	1.18855
61.82280	1.20617
61.85989	1.22468
61.89697	1.24437
61.93406	1.26515
61.97115	1.28652
62.00823	1.30764
62.04532	1.32736
62.08241	1.34433
62.11949	1.35714
62.15658	1.36437
62.19366	1.36477
62.23075	1.35730
62.26784	1.34124
62.30492	1.31623
62.34201	1.28230
62.37910	1.23984
62.41618	1.18960
62.45327	1.13263
62.49035	1.07022
62.52744	1.00385
62.56453	0.93515
62.60161	0.86577
62.63870	0.79740
62.67579	0.73163
62.71287	0.66984
62.74996	0.61314
62.78704	0.56232
62.82413	0.51776
62.86122	0.47952
62.89830	0.44741
62.93539	0.42110
62.97248	0.40017
63.00956	0.38420
63.04665	0.37270
63.08373	0.36516
63.12082	0.36108
63.15791	0.36002
63.19499	0.36160
63.23208	0.36552
63.26917	0.37150
63.30625	0.37943
63.34334	0.39205
63.38042	0.42056
63.41751	0.45225
63.45460	0.47732
63.49168	0.49283
63.52877	0.49702
63.56586	0.48887
63.60294	0.46824
63.64003	0.43601
63.67711	0.39451
63.71420	0.34820
63.75129	0.30383
63.78837	0.26739
63.82546	0.24121
63.86255	0.22669
63.89963	0.22800
63.93672	0.25166
63.97380	0.29568
64.01089	0.34823
64.04798	0.40081
64.08506	0.44965
64.12215	0.49300
64.15924	0.52989
64.19632	0.55957
64.23341	0.58151
64.27049	0.59536
64.30758	0.60115
64.34467	0.59937
64.38175	0.59097
64.41884	0.57739
64.45593	0.56045
64.49301	0.54216
64.53010	0.52443
64.56718	0.50880
64.60427	0.49616
64.64136	0.48671
64.67844	0.48010
64.71553	0.47561
64.75262	0.47228
64.78970	0.46897
64.82679	0.46439
64.86387	0.45738
64.90096	0.44718
64.93805	0.43363
64.97513	0.41731
65.01222	0.39939
65.04931	0.38142
65.08639	0.36494
65.12348	0.35111
65.16056	0.34052
65.19765	0.33325
65.23474	0.32915
65.27182	0.32807
65.30891	0.33010
65.34600	0.33551
65.38308	0.34473
65.42017	0.35829
65.45725	0.37673
65.49434	0.40063
65.53143	0.43059
65.56851	0.46714
65.60560	0.51062
65.64269	0.56099
65.67977	0.61770
65.71686	0.67954
65.75395	0.74467
65.79103	0.81075
65.82812	0.87513
65.86520	0.93510
65.90229	0.98816
65.93938	1.03223
65.97646	1.06590
66.01355	1.08847
66.05064	1.10003
66.08772	1.10135
66.12481	1.09369
66.16189	1.07859
66.19898	1.05753
66.23607	1.03172
66.27315	1.00191
66.31024	0.96838
66.34733	0.93106
66.38441	0.88975
66.42150	0.84431
66.45858	0.79491
66.49567	0.74206
66.53276	0.68670
66.56984	0.63012
66.60693	0.57384
66.64402	0.51940
66.68110	0.46809
66.71819	0.42059
66.75527	0.37677
66.79236	0.33586
66.82945	0.29708
66.86653	0.26029
66.90362	0.22639
66.94071	0.19746
66.97779	0.17675
67.01488	0.16689
67.05196	0.16631
67.08905	0.16990
67.12614	0.17351
67.16322	0.18356
67.20031	0.22974
67.23740	0.28423
67.27448	0.34076
67.31157	0.39750
67.34865	0.45274
67.38574	0.50479
67.42283	0.55197
67.45991	0.59271
67.49700	0.62564
67.53409	0.64969
67.57117	0.66420
67.60826	0.66894
67.64534	0.66418
67.68243	0.65067
67.71952	0.62955
67.75660	0.60231
67.79369	0.57059
67.83078	0.53607
67.86786	0.50023
67.90495	0.46419
67.94203	0.42862
67.97912	0.39363
68.01621	0.35891
68.05329	0.32379
68.09038	0.29083
68.12747	0.30619
68.16455	0.32998
68.20164	0.36134
68.23872	0.39976
68.27581	0.44419
68.31290	0.49315
68.34998	0.54484
68.38707	0.59725
68.42416	0.64837
68.46124	0.69629
68.49833	0.73929
68.53541	0.77586
68.57250	0.80473
68.60959	0.82479
68.64667	0.83513
68.68376	0.83510
68.72085	0.82433
68.75793	0.80279
68.79502	0.77082
68.83210	0.72929
68.86919	0.67984
68.90628	0.62601
68.94336	0.57684
68.98045	0.55297
69.01754	0.56346
69.05462	0.58860
69.09171	0.61651
69.12880	0.64475
69.16588	0.67377
69.20297	0.70428
69.24005	0.73598
69.27714	0.76698
69.31423	0.79390
69.35131	0.81275
69.38840	0.81984
69.42549	0.81250
69.46257	0.78941
69.49966	0.75071
69.53674	0.69796
69.57383	0.63416
69.61092	0.56505
69.64800	0.53051
69.68509	0.60369
69.72218	0.68904
69.75926	0.77094
69.79635	0.84755
69.83343	0.91855
69.87052	0.98398
69.90761	1.04367
69.94469	1.09685
69.98178	1.14189
70.01887	1.17632
70.05595	1.19705
70.09304	1.20081
70.13012	1.18469
70.16721	1.14662
70.20430	1.08577
70.24138	1.00282
70.27847	0.90013
70.31556	0.78182
70.35264	0.65441
70.38973	0.53055
70.42681	0.44653
70.46390	0.43023
70.50099	0.43696
70.53807	0.44732
70.57516	0.46033
70.61225	0.47882
70.64933	0.50306
70.68642	0.52874
70.72350	0.55100
70.76059	0.56761
70.79768	0.57884
70.83476	0.58634
70.87185	0.59205
70.90894	0.59726
70.94602	0.60194
70.98311	0.60479
71.02019	0.60372
71.05728	0.59666
71.09437	0.58208
71.13145	0.55916
71.16854	0.52770
71.20563	0.48798
71.24271	0.44061
71.27980	0.38656
71.31688	0.32737
71.35397	0.26586
71.39106	0.20872
71.42814	0.17548
71.46523	0.19098
71.50232	0.23922
71.53940	0.29942
71.57649	0.36209
71.61357	0.42196
71.65066	0.47565
71.68775	0.52090
71.72483	0.55593
71.76192	0.57901
71.79901	0.58842
71.83609	0.58280
71.87318	0.56145
71.91026	0.52443
71.94735	0.47259
71.98444	0.40767
72.02152	0.33460
72.05861	0.37653
72.09570	0.49264
72.13278	0.60326
72.16987	0.70399
72.20695	0.79242
72.24404	0.86716
72.28113	0.92764
72.31821	0.97400
72.35530	1.00677
72.39239	1.02673
72.42947	1.03469
72.46656	1.03142
72.50365	1.01774
72.54073	0.99473
72.57782	0.96389
72.61490	0.92747
72.65199	0.88850
72.68908	0.85075
72.72616	0.81836
72.76325	0.79510
72.80034	0.78360
72.83742	0.78460
72.87451	0.79688
72.91159	0.81786
72.94868	0.84439
72.98577	0.87353
73.02285	0.90281
73.05994	0.93024
73.09703	0.95410
73.13411	0.97289
73.17120	0.98529
73.20828	0.99021
73.24537	0.98685
73.28246	0.97483
73.31954	0.95421
73.35663	0.92561
73.39372	0.89027
73.43080	0.85003
73.46789	0.80727
73.50497	0.76470
73.54206	0.72498
73.57915	0.69024
73.61623	0.66168
73.65332	0.63958
73.69041	0.62404
73.72749	0.61672
73.76458	0.62276
73.80166	0.64418
73.83875	0.67242
73.87584	0.69891
73.91292	0.71909
73.95001	0.73051
73.98710	0.73177
74.02418	0.72206
74.06127	0.70101
74.09835	0.66870
74.13544	0.62561
74.17253	0.57280
74.20961	0.51210
74.24670	0.44652
74.28379	0.38114
74.32087	0.32484
74.35796	0.29262
74.39504	0.29782
74.43213	0.33514
74.46922	0.39063
74.50630	0.45263
74.54339	0.51286
74.58048	0.56573
74.61756	0.60770
74.65465	0.63683
74.69173	0.65247
74.72882	0.65511
74.76591	0.64617
74.80299	0.62782
74.84008	0.60272
74.87717	0.57371
74.91425	0.54349
74.95134	0.51442
74.98842	0.48863
75.02551	0.46937
75.06260	0.46610
75.09968	0.49714
75.13677	0.55576
75.17386	0.61974
75.21094	0.67842
75.24803	0.72666
75.28511	0.76114
75.32220	0.77961
75.35929	0.78072
75.39637	0.76412
75.43346	0.73043
75.47055	0.68132
75.50763	0.61950
75.54472	0.54909
75.58180	0.47685
75.61889	0.41556
75.65598	0.38399
75.69306	0.38465
75.73015	0.40067
75.76724	0.41976
75.80432	0.43644
75.84141	0.44861
75.87850	0.45586
75.91558	0.45884
75.95267	0.45996
75.98975	0.47164
76.02684	0.49485
76.06393	0.51005
76.10101	0.51300
76.13810	0.50238
76.17519	0.47759
76.21227	0.43896
76.24936	0.38834
76.28644	0.33108
76.32353	0.27803
76.36062	0.23577
76.39770	0.20483
76.43479	0.19493
76.47188	0.22517
76.50896	0.28573
76.54605	0.35110
76.58313	0.40917
76.62022	0.45493
76.65731	0.48606
76.69439	0.50169
76.73148	0.50191
76.76857	0.48753
76.80565	0.45993
76.84274	0.42095
76.87982	0.37294
76.91691	0.31919
76.95400	0.26555
76.99108	0.22585
77.02817	0.22312
77.06526	0.25576
77.10234	0.30592
77.13943	0.36458
77.17651	0.42718
77.21360	0.49037
77.25069	0.55134
77.28777	0.60773
77.32486	0.65769
77.36195	0.69981
77.39903	0.73313
77.43612	0.75708
77.47320	0.77143
77.51029	0.77626
77.54738	0.77203
77.58446	0.75955
77.62155	0.74010
77.65864	0.71552
77.69572	0.68813
77.73281	0.66035
77.76989	0.63375
77.80698	0.60824
77.84407	0.58245
77.88115	0.55475
77.91824	0.52412
77.95533	0.49049
77.99241	0.45498
78.02950	0.42023
78.06658	0.39065
78.10367	0.37204
78.14076	0.36891
78.17784	0.38107
78.21493	0.40412
78.25202	0.43313
78.28910	0.46458
78.32619	0.49636
78.36327	0.52725
78.40036	0.55641
78.43745	0.58306
78.47453	0.60626
78.51162	0.62493
78.54871	0.63799
78.58579	0.64459
78.62288	0.64425
78.65996	0.63703
78.69705	0.62355
78.73414	0.60500
78.77122	0.58305
78.80831	0.55967
78.84540	0.53690
78.88248	0.51667
78.91957	0.50066
78.95665	0.49032
78.99374	0.48695
79.03083	0.49171
79.06791	0.50537
79.10500	0.52788
79.14209	0.55806
79.17917	0.59376
79.21626	0.63240
79.25334	0.67138
79.29043	0.70831
79.32752	0.74114
79.36460	0.76824
79.40169	0.78840
79.43878	0.80090
79.47586	0.80547
79.51295	0.80226
79.55004	0.79177
79.58712	0.77481
79.62421	0.75252
79.66129	0.72661
79.69838	0.70050
79.73547	0.68277
79.77255	0.68848
79.80964	0.71623
79.84673	0.75007
79.88381	0.78154
79.92090	0.80748
79.95798	0.82672
79.99507	0.83897
80.03216	0.84448
80.06924	0.84384
80.10633	0.83786
80.14342	0.82749
80.18050	0.81372
80.21759	0.79749
80.25467	0.77967
80.29176	0.76099
80.32885	0.74202
80.36593	0.72319
80.40302	0.70478
80.44011	0.68694
80.47719	0.66967
80.51428	0.65288
80.55136	0.63640
80.58845	0.61994
80.62554	0.60320
80.66262	0.58591
80.69971	0.56786
80.73680	0.54900
80.77388	0.52947
80.81097	0.50965
80.84805	0.49025
80.88514	0.47252
80.92223	0.45875
80.95931	0.45326
80.99640	0.46141
81.03349	0.48331
81.07057	0.51267
81.10766	0.54367
81.14474	0.57303
81.18183	0.59896
81.21892	0.62049
81.25600	0.63713
81.29309	0.64870
81.33018	0.65525
81.36726	0.65698
81.40435	0.65421
81.44143	0.64727
81.47852	0.63652
81.51561	0.62231
81.55269	0.60490
81.58978	0.58453
81.62687	0.56134
81.66395	0.53543
81.70104	0.50686
81.73812	0.47565
81.77521	0.44190
81.81230	0.40579
81.84938	0.36783
81.88647	0.32925
81.92356	0.29321
81.96064	0.26691
81.99773	0.25706
82.03481	0.25859
82.07190	0.26381
82.10899	0.26915
82.14607	0.27345
82.18316	0.27671
82.22025	0.28004
82.25733	0.28608
82.29442	0.29879
82.33150	0.31846
82.36859	0.33973
82.40568	0.35792
82.44276	0.37070
82.47985	0.37705
82.51694	0.37654
82.55402	0.36912
82.59111	0.35496
82.62819	0.33439
82.66528	0.30806
82.70237	0.27723
82.73945	0.24530
82.77654	0.22095
82.81363	0.20915
82.85071	0.20302
82.88780	0.19820
82.92489	0.19393
82.96197	0.19267
82.99906	0.20517
83.03614	0.24179
83.07323	0.28848
83.11032	0.33471
83.14740	0.37695
83.18449	0.41377
83.22158	0.44457
83.25866	0.46929
83.29575	0.48827
83.33283	0.50221
83.36992	0.51202
83.40701	0.51878
83.44409	0.52354
83.48118	0.52728
83.51827	0.53079
83.55535	0.53457
83.59244	0.53879
83.62952	0.54332
83.66661	0.54774
83.70370	0.55149
83.74078	0.55403
83.77787	0.55497
83.81496	0.55429
83.85204	0.55237
83.88913	0.54997
83.92621	0.54795
83.96330	0.54700
84.00039	0.54728
84.03747	0.54838
84.07456	0.54943
84.11165	0.54941
84.14873	0.54745
84.18582	0.54300
84.22290	0.53605
84.25999	0.52723
84.29708	0.51777
84.33416	0.50923
84.37125	0.50282
84.40834	0.49887
84.44542	0.49716
84.48251	0.49750
84.51959	0.50002
84.55668	0.50510
84.59377	0.51314
84.63085	0.52436
84.66794	0.53871
84.70503	0.55578
84.74211	0.57485
84.77920	0.59488
84.81628	0.61462
84.85337	0.63273
84.89046	0.64792
84.92754	0.65909
84.96463	0.66541
85.00172	0.66642
85.03880	0.66206
85.07589	0.65264
85.11297	0.63884
85.15006	0.62158
85.18715	0.60197
85.22423	0.58118
85.26132	0.56036
85.29841	0.54049
85.33549	0.52232
85.37258	0.50624
85.40966	0.49223
85.44675	0.47989
85.48384	0.46845
85.52092	0.45699
85.55801	0.44462
85.59510	0.43108
85.63218	0.41867
85.66927	0.41751
85.70635	0.43486
85.74344	0.46037
85.78053	0.48806
85.81761	0.51648
85.85470	0.54525
85.89179	0.57416
85.92887	0.60290
85.96596	0.63102
86.00304	0.65786
86.04013	0.68270
86.07722	0.70473
86.11430	0.72319
86.15139	0.73741
86.18848	0.74683
86.22556	0.75103
86.26265	0.74972
86.29974	0.74277
86.33682	0.73019
86.37391	0.71224
86.41099	0.68936
86.44808	0.66225
86.48517	0.63184
86.52225	0.59918
86.55934	0.56542
86.59643	0.53169
86.63351	0.49902
86.67060	0.46825
86.70768	0.43997
86.74477	0.41455
86.78186	0.39215
86.81894	0.37288
86.85603	0.35685
86.89312	0.34446
86.93020	0.33660
86.96729	0.33495
87.00437	0.34148
87.04146	0.35686
87.07855	0.37929
87.11563	0.40582
87.15272	0.43389
87.18981	0.46170
87.22689	0.48808
87.26398	0.51234
87.30106	0.53412
87.33815	0.55336
87.37524	0.57019
87.41232	0.58488
87.44941	0.59783
87.48650	0.60948
87.52358	0.62030
87.56067	0.63077
87.59775	0.64135
87.63484	0.65242
87.67193	0.66429
87.70901	0.67716
87.74610	0.69112
87.78319	0.70609
87.82027	0.72189
87.85736	0.73816
87.89444	0.75443
87.93153	0.77010
87.96862	0.78447
88.00570	0.79676
88.04279	0.80620
88.07988	0.81205
88.11696	0.81367
88.15405	0.81062
88.19113	0.80267
88.22822	0.78989
88.26531	0.77258
88.30239	0.75135
88.33948	0.72698
88.37657	0.70043
88.41365	0.67272
88.45074	0.64489
88.48782	0.61786
88.52491	0.59238
88.56200	0.56898
88.59908	0.54784
88.63617	0.52885
88.67326	0.51155
88.71034	0.49520
88.74743	0.47893
88.78451	0.46180
88.82160	0.44299
88.85869	0.42192
88.89577	0.39828
88.93286	0.37212
88.96995	0.34385
89.00703	0.31419
89.04412	0.28416
89.08120	0.25493
89.11829	0.22749
89.15538	0.20214
89.19246	0.17838
89.22955	0.15537
89.26664	0.13261
89.30372	0.11016
89.34081	0.08852
89.37789	0.06825
89.41498	0.06175
89.45207	0.08745
89.48915	0.11251
89.52624	0.13607
89.56333	0.15740
89.60041	0.17599
89.63750	0.19168
89.67459	0.20468
89.71167	0.21563
89.74876	0.22579
89.78584	0.23747
89.82293	0.25467
89.86002	0.28090
89.89710	0.31433
89.93419	0.35102
89.97128	0.38836
90.00836	0.42477
90.04545	0.45920
90.08253	0.49094
90.11962	0.51951
90.15671	0.54460
90.19379	0.56602
90.23088	0.58361
90.26797	0.59721
90.30505	0.60667
90.34214	0.61181
90.37922	0.61249
90.41631	0.60865
90.45340	0.60033
90.49048	0.58767
90.52757	0.57096
90.56466	0.55062
90.60174	0.52719
90.63883	0.50133
90.67591	0.47377
90.71300	0.44538
90.75009	0.41707
90.78717	0.38986
90.82426	0.36484
90.86135	0.34318
90.89843	0.32600
90.93552	0.31414
90.97260	0.30782
91.00969	0.30636
91.04678	0.30838
91.08386	0.31243
91.12095	0.31745
91.15804	0.32288
91.19512	0.32849
91.23221	0.33419
91.26929	0.33980
91.30638	0.34501
91.34347	0.34937
91.38055	0.35237
91.41764	0.35357
91.45473	0.35276
91.49181	0.35010
91.52890	0.34638
91.56598	0.34336
91.60307	0.34380
91.64016	0.35026
91.67724	0.36272
91.71433	0.37853
91.75142	0.39478
91.78850	0.40951
91.82559	0.42180
91.86267	0.43157
91.89976	0.43931
91.93685	0.44597
91.97393	0.45269
92.01102	0.46060
92.04811	0.47057
92.08519	0.48315
92.12228	0.49842
92.15936	0.51609
92.19645	0.53551
92.23354	0.55583
92.27062	0.57606
92.30771	0.59521
92.34480	0.61235
92.38188	0.62670
92.41897	0.63766
92.45605	0.64481
92.49314	0.64801
92.53023	0.64733
92.56731	0.64313
92.60440	0.63596
92.64149	0.62656
92.67857	0.61572
92.71566	0.60422
92.75274	0.59279
92.78983	0.58212
92.82692	0.57294
92.86400	0.56604
92.90109	0.56216
92.93818	0.56166
92.97526	0.56414
93.01235	0.56833
93.04943	0.57248
93.08652	0.57493
93.12361	0.57450
93.16069	0.57064
93.19778	0.56330
93.23487	0.55286
93.27195	0.53990
93.30904	0.52506
93.34613	0.50895
93.38321	0.49206
93.42030	0.47475
93.45738	0.45730
93.49447	0.43996
93.53156	0.42320
93.56864	0.40786
93.60573	0.39554
93.64282	0.38866
93.67990	0.38924
93.71699	0.39676
93.75407	0.40840
93.79116	0.42117
93.82825	0.43297
93.86533	0.44249
93.90242	0.44906
93.93951	0.45239
93.97659	0.45252
94.01368	0.44974
94.05076	0.44462
94.08785	0.43797
94.12494	0.43083
94.16202	0.42438
94.19911	0.41976
94.23620	0.41768
94.27328	0.41797
94.31037	0.41949
94.34745	0.42056
94.38454	0.41962
94.42163	0.41554
94.45871	0.40778
94.49580	0.39644
94.53289	0.38273
94.56997	0.37020
94.60706	0.36410
94.64414	0.36299
94.68123	0.36270
94.71832	0.36133
94.75540	0.35817
94.79249	0.35297
94.82958	0.34574
94.86666	0.33672
94.90375	0.32639
94.94083	0.31541
94.97792	0.30457
95.01501	0.29453
95.05209	0.28572
95.08918	0.27837
95.12627	0.27284
95.16335	0.27005
95.20044	0.27183
95.23752	0.28004
95.27461	0.29442
95.31170	0.31214
95.34878	0.32998
95.38587	0.34585
95.42296	0.35878
95.46004	0.36853
95.49713	0.37533
95.53421	0.37972
95.57130	0.38251
95.60839	0.38473
95.64547	0.38770
95.68256	0.39296
95.71965	0.40213
95.75673	0.41651
95.79382	0.43658
95.83090	0.46163
95.86799	0.48980
95.90508	0.51848
95.94216	0.54475
95.97925	0.56593
96.01634	0.57985
96.05342	0.58514
96.09051	0.58143
96.12759	0.56947
96.16468	0.55125
96.20177	0.52998
96.23885	0.50981
96.27594	0.49521
96.31303	0.49009
96.35011	0.49693
96.38720	0.51653
96.42428	0.54783
96.46137	0.58793
96.49846	0.63279
96.53554	0.67845
96.57263	0.72192
96.60972	0.76145
96.64680	0.79640
96.68389	0.82699
96.72098	0.85410
96.75806	0.87894
96.79515	0.90288
96.83223	0.92718
96.86932	0.95281
96.90641	0.98030
96.94349	1.00967
96.98058	1.04047
97.01767	1.07175
97.05475	1.10217
97.09184	1.13009
97.12892	1.15368
97.16601	1.17106
97.20310	1.18043
97.24018	1.18023
97.27727	1.16927
97.31436	1.14683
97.35144	1.11271
97.38853	1.06723
97.42561	1.01126
97.46270	0.94608
97.49979	0.87336
97.53687	0.79500
97.57396	0.71305
97.61105	0.62966
97.64813	0.54701
97.68522	0.46746
97.72230	0.39364
97.75939	0.32855
97.79648	0.27486
97.83356	0.23371
97.87065	0.20515
97.90774	0.19043
97.94482	0.19247
97.98191	0.21112
98.01899	0.23983
98.05608	0.27157
98.09317	0.30240
98.13025	0.33045
98.16734	0.35481
98.20443	0.37495
98.24151	0.39042
98.27860	0.40077
98.31568	0.40552
98.35277	0.40415
98.38986	0.39630
98.42694	0.38180
98.46403	0.36090
98.50112	0.33448
98.53820	0.30462
98.57529	0.27648
98.61237	0.26218
98.64946	0.27152
98.68655	0.29639
98.72363	0.32861
98.76072	0.36460
98.79781	0.40242
98.83489	0.44059
98.87198	0.47789
98.90906	0.51329
98.94615	0.54606
98.98324	0.57569
99.02032	0.60199
99.05741	0.62502
99.09450	0.64502
99.13158	0.66238
99.16867	0.67757
99.20575	0.69101
99.24284	0.70306
99.27993	0.71392
99.31701	0.72359
99.35410	0.73189
99.39119	0.73845
99.42827	0.74275
99.46536	0.74414
99.50244	0.74194
99.53953	0.73543
99.57662	0.72397
99.61370	0.70701
99.65079	0.68421
99.68788	0.65548
99.72496	0.62110
99.76205	0.58190
99.79913	0.53941
99.83622	0.49620
99.87331	0.45605
99.91039	0.42317
99.94748	0.39998
99.98457	0.38567
100.02165	0.37806
100.05874	0.37556
100.09583	0.37763
100.13291	0.38443
100.17000	0.39624
100.20708	0.41277
100.24417	0.43293
100.28126	0.45506
100.31834	0.47755
100.35543	0.49916
100.39252	0.51907
100.42960	0.53684
100.46669	0.55229
100.50377	0.56540
100.54086	0.57625
100.57795	0.58493
100.61503	0.59145
100.65212	0.59572
100.68921	0.59752
100.72629	0.59660
100.76338	0.59271
100.80046	0.58581
100.83755	0.57621
100.87464	0.56469
100.91172	0.55239
100.94881	0.54035
100.98590	0.52897
101.02298	0.51769
101.06007	0.50533
101.09715	0.49069
101.13424	0.47290
101.17133	0.45159
101.20841	0.42686
101.24550	0.39933
101.28259	0.37009
101.31967	0.34075
101.35676	0.31355
101.39384	0.29139
101.43093	0.27750
101.46802	0.27443
101.50510	0.28247
101.54219	0.29931
101.57928	0.32127
101.61636	0.34479
101.65345	0.36705
101.69053	0.38610
101.72762	0.40086
101.76471	0.41095
101.80179	0.41660
101.83888	0.41838
101.87597	0.41698
101.91305	0.41298
101.95014	0.40667
101.98722	0.39807
102.02431	0.38696
102.06140	0.37296
102.09848	0.35576
102.13557	0.33516
102.17266	0.31129
102.20974	0.28459
102.24683	0.25592
102.28391	0.22644
102.32100	0.19755
102.35809	0.17081
102.39517	0.14905
102.43226	0.14962
102.46935	0.15226
102.50643	0.15403
102.54352	0.15537
102.58060	0.15723
102.61769	0.16122
102.65478	0.16927
102.69186	0.18220
102.72895	0.19919
102.76604	0.21901
102.80312	0.24090
102.84021	0.26456
102.87729	0.29001
102.91438	0.31737
102.95147	0.34660
102.98855	0.37738
103.02564	0.40906
103.06273	0.44065
103.09981	0.47094
103.13690	0.49861
103.17398	0.52233
103.21107	0.54092
103.24816	0.55341
103.28524	0.55913
103.32233	0.55773
103.35942	0.54925
103.39650	0.53409
103.43359	0.51301
103.47068	0.48712
103.50776	0.45780
103.54485	0.42664
103.58193	0.39528
103.61902	0.36531
103.65611	0.33799
103.69319	0.31418
103.73028	0.29425
103.76737	0.27807
103.80445	0.26516
103.84154	0.25481
103.87862	0.24625
103.91571	0.23894
103.95280	0.23268
103.98988	0.22793
104.02697	0.22648
104.06406	0.23299
104.10114	0.25267
104.13823	0.28343
104.17531	0.32036
104.21240	0.36054
104.24949	0.40218
104.28657	0.44394
104.32366	0.48461
104.36075	0.52305
104.39783	0.55815
104.43492	0.58884
104.47200	0.61417
104.50909	0.63330
104.54618	0.64560
104.58326	0.65064
104.62035	0.64825
104.65744	0.63853
104.69452	0.62178
104.73161	0.59854
104.76869	0.56949
104.80578	0.53544
104.84287	0.49730
104.87995	0.45607
104.91704	0.41290
104.95413	0.36912
104.99121	0.32644
105.02830	0.28697
105.06538	0.25309
105.10247	0.22683
105.13956	0.20884
105.17664	0.19809
105.21373	0.19306
105.25082	0.19688
105.28790	0.22801
105.32499	0.26990
105.36207	0.31271
105.39916	0.35491
105.43625	0.39572
105.47333	0.43439
105.51042	0.47016
105.54751	0.50221
105.58459	0.52980
105.62168	0.55225
105.65876	0.56912
105.69585	0.58019
105.73294	0.58557
105.77002	0.58577
105.80711	0.58169
105.84420	0.57469
105.88128	0.56661
105.91837	0.55970
105.95545	0.55643
105.99254	0.55902
106.02963	0.56879
106.06671	0.58565
106.10380	0.60815
106.14089	0.63394
106.17797	0.66043
106.21506	0.68512
106.25214	0.70587
106.28923	0.72097
106.32632	0.72924
106.36340	0.73000
106.40049	0.72313
106.43758	0.70901
106.47466	0.68851
106.51175	0.66292
106.54883	0.63382
106.58592	0.60297
106.62301	0.57218
106.66009	0.54318
106.69718	0.51759
106.73427	0.49687
106.77135	0.48205
106.80844	0.47328
106.84553	0.46957
106.88261	0.46919
106.91970	0.47050
106.95678	0.47297
106.99387	0.47757
107.03096	0.48618
107.06804	0.49946
107.10513	0.51514
107.14222	0.52902
107.17930	0.53716
107.21639	0.53696
107.25347	0.52730
107.29056	0.50839
107.32765	0.48165
107.36473	0.44958
107.40182	0.41578
107.43891	0.38475
107.47599	0.36088
107.51308	0.34685
107.55016	0.34338
107.58725	0.35095
107.62434	0.37023
107.66142	0.40073
107.69851	0.43997
107.73560	0.48414
107.77268	0.52927
107.80977	0.57205
107.84685	0.61029
107.88394	0.64299
107.92103	0.67041
107.95811	0.69393
107.99520	0.71565
108.03229	0.73769
108.06937	0.76118
108.10646	0.78547
108.14354	0.80794
108.18063	0.82470
108.21772	0.83151
108.25480	0.82473
108.29189	0.80188
108.32898	0.76223
108.36606	0.70746
108.40315	0.64301
108.44023	0.58081
108.47732	0.53949
108.51441	0.52891
108.55149	0.54047
108.58858	0.56329
108.62567	0.59126
108.66275	0.62126
108.69984	0.65171
108.73692	0.68179
108.77401	0.71102
108.81110	0.73881
108.84818	0.76421
108.88527	0.78597
108.92236	0.80288
108.95944	0.81386
108.99653	0.81797
109.03361	0.81443
109.07070	0.80263
109.10779	0.78229
109.14487	0.75360
109.18196	0.71740
109.21905	0.67551
109.25613	0.63105
109.29322	0.58883
109.33030	0.55440
109.36739	0.53030
109.40448	0.51422
109.44156	0.50213
109.47865	0.49095
109.51574	0.47876
109.55282	0.46449
109.58991	0.44765
109.62699	0.42824
109.66408	0.40661
109.70117	0.38334
109.73825	0.35911
109.77534	0.33455
109.81243	0.31014
109.84951	0.28620
109.88660	0.26293
109.92368	0.24061
109.96077	0.22000
109.99786	0.20314
110.03494	0.19461
110.07203	0.19932
110.10912	0.21480
110.14620	0.23537
110.18329	0.25781
110.22037	0.28069
110.25746	0.30343
110.29455	0.32598
110.33163	0.34865
110.36872	0.37200
110.40581	0.39662
110.44289	0.42300
110.47998	0.45136
110.51707	0.48152
110.55415	0.51297
110.59124	0.54482
110.62832	0.57590
110.66541	0.60481
110.70250	0.63001
110.73958	0.64991
110.77667	0.66293
110.81376	0.66764
110.85084	0.66288
110.88793	0.64788
110.92501	0.62238
110.96210	0.58671
110.99919	0.54183
111.03627	0.48939
111.07336	0.43165
111.11045	0.37175
111.14753	0.31484
111.18462	0.27423
111.22170	0.27448
111.25879	0.30077
111.29588	0.32883
111.33296	0.35103
111.37005	0.36512
111.40714	0.37107
111.44422	0.37017
111.48131	0.36440
111.51839	0.35571
111.55548	0.34572
111.59257	0.33679
111.62965	0.33521
111.66674	0.35506
111.70383	0.40262
111.74091	0.46412
111.77800	0.52734
111.81508	0.58572
111.85217	0.63511
111.88926	0.67248
111.92634	0.69556
111.96343	0.70289
112.00052	0.69401
112.03760	0.66965
112.07469	0.63198
112.11177	0.58487
112.14886	0.53416
112.18595	0.48765
112.22303	0.45313
112.26012	0.43399
112.29721	0.42777
112.33429	0.43027
112.37138	0.43904
112.40846	0.45393
112.44555	0.47599
112.48264	0.50557
112.51972	0.54139
112.55681	0.58123
112.59390	0.62321
112.63098	0.66673
112.66807	0.71277
112.70515	0.76323
112.74224	0.81927
112.77933	0.88002
112.81641	0.94331
112.85350	1.00719
112.89059	1.07076
112.92767	1.13388
112.96476	1.19639
113.00184	1.25742
113.03893	1.31497
113.07602	1.36604
113.11310	1.40707
113.15019	1.43461
113.18728	1.44595
113.22436	1.43972
113.26145	1.41627
113.29853	1.37799
113.33562	1.32941
113.37271	1.27714
113.40979	1.22948
113.44688	1.19577
113.48397	1.18558
113.52105	1.20809
113.55814	1.27094
113.59522	1.37813
113.63231	1.52845
113.66940	1.71645
113.70648	1.93479
113.74357	2.17601
113.78066	2.43283
113.81774	2.69804
113.85483	2.96417
113.89192	3.22338
113.92900	3.46772
113.96609	3.68941
114.00317	3.88144
114.04026	4.03803
114.07735	4.15510
114.11443	4.23057
114.15152	4.26440
114.18861	4.25861
114.22569	4.21705
114.26278	4.14531
114.29986	4.05056
114.33695	3.94162
114.37404	3.82869
114.41112	3.72302
114.44821	3.63561
114.48530	3.57532
114.52238	3.54641
114.55947	3.54679
114.59655	3.56788
114.63364	3.59670
114.67073	3.61983
114.70781	3.62820
114.74490	3.62216
114.78199	3.61598
114.81907	3.64037
114.85616	3.73970
114.89324	3.96044
114.93033	4.33341
114.96742	4.86134
115.00450	5.52058
115.04159	6.27196
115.07868	7.07121
115.11576	7.87530
115.15285	8.64543
115.18993	9.34842
115.22702	9.95713
115.26411	10.45040
115.30119	10.81237
115.33828	11.03137
115.37537	11.09848
115.41245	11.00606
115.44954	10.74678
115.48662	10.31348
115.52371	9.70014
115.56080	8.90421
115.59788	7.92993
115.63497	6.79268
115.67206	5.52466
115.70914	4.18555
115.74623	2.89371
115.78331	1.88873
115.82040	1.47756
115.85749	2.15246
115.89457	3.09275
115.93166	3.88290
115.96875	4.49854
116.00583	5.03356
116.04292	5.68264
116.08000	6.68742
116.11709	8.22191
116.15418	10.31347
116.19126	12.86679
116.22835	15.72656
116.26544	18.71739
116.30252	21.66341
116.33961	24.40453
116.37669	26.81799
116.41378	28.85033
116.45087	30.56186
116.48795	32.17926
116.52504	34.13396
116.56213	37.03194
116.59921	41.50130
116.63630	47.96669
116.67338	56.51276
116.71047	66.91347
116.74756	78.74008
116.78464	91.45322
116.82173	104.45891
116.85882	117.14410
116.89590	128.90646
116.93299	139.18323
116.97007	147.48032
117.00716	153.39951
117.04425	156.66092
117.08133	157.11905
117.11842	154.77026
117.15551	149.75056
117.19259	142.32417
117.22968	132.86343
117.26677	121.82153
117.30385	109.70064
117.34094	97.01802
117.37802	84.27248
117.41511	71.91440
117.45220	60.32104
117.48928	49.77870
117.52637	40.47269
117.56346	32.48601
117.60054	25.80609
117.63763	20.34056
117.67471	15.94168
117.71180	12.43874
117.74889	9.67503
117.78597	7.54358
117.82306	6.00971
117.86015	5.09398
117.89723	4.80393
117.93432	5.04809
117.97140	5.61029
118.00849	6.25826
118.04558	6.82715
118.08266	7.21384
118.11975	7.35487
118.15684	7.21509
118.19392	6.78405
118.23101	6.07597
118.26809	5.13236
118.30518	4.03305
118.34227	2.94407
118.37935	2.27394
118.41644	2.47901
118.45353	3.35518
118.49061	4.48669
118.52770	5.60689
118.56478	6.59403
118.60187	7.38965
118.63896	7.96510
118.67604	8.31025
118.71313	8.42834
118.75022	8.33280
118.78730	8.04464
118.82439	7.59033
118.86147	6.99988
118.89856	6.30526
118.93565	5.53908
118.97273	4.73369
119.00982	3.92066
119.04691	3.13111
119.08399	2.39775
119.12108	1.76106
119.15816	1.28218
119.19525	1.03775
119.23234	1.04319
119.26942	1.22488
119.30651	1.46565
119.34360	1.69757
119.38068	1.90460
119.41777	2.08989
119.45485	2.26120
119.49194	2.42457
119.52903	2.58120
119.56611	2.72668
119.60320	2.85216
119.64029	2.94636
119.67737	2.99812
119.71446	2.99835
119.75154	2.94154
119.78863	2.82644
119.82572	2.65627
119.86280	2.43826
119.89989	2.18308
119.93698	1.90398
119.97406	1.61608
120.01115	1.33597
120.04823	1.08150
120.08532	0.87084
120.12241	0.71832
120.15949	0.63768
120.19658	0.71971
120.23367	0.85839
120.27075	0.99284
120.30784	1.11039
120.34492	1.20381
120.38201	1.26835
120.41910	1.30091
120.45618	1.29993
120.49327	1.26540
120.53036	1.19909
120.56744	1.10464
120.60453	0.98793
120.64162	0.85758
120.67870	0.72628
120.71579	0.61354
120.75287	0.54897
120.78996	0.55959
120.82705	0.63537
120.86413	0.74516
120.90122	0.86499
120.93831	0.97981
120.97539	1.08034
121.01248	1.16078
121.04956	1.21762
121.08665	1.24900
121.12374	1.25439
121.16082	1.23452
121.19791	1.19141
121.23500	1.12839
121.27208	1.05023
121.30917	0.96297
121.34625	0.87378
121.38334	0.79053
121.42043	0.72110
121.45751	0.67207
121.49460	0.64595
121.53169	0.63806
121.56877	0.63793
121.60586	0.63469
121.64294	0.62099
121.68003	0.59374
121.71712	0.55409
121.75420	0.50736
121.79129	0.46339
121.82838	0.43600
121.86546	0.43981
121.90255	0.48342
121.93963	0.56191
121.97672	0.66068
122.01381	0.76586
122.05089	0.86768
122.08798	0.95960
122.12507	1.03733
122.16215	1.09826
122.19924	1.14114
122.23632	1.16585
122.27341	1.17319
122.31050	1.16466
122.34758	1.14236
122.38467	1.10886
122.42176	1.06712
122.45884	1.02043
122.49593	0.97224
122.53301	0.92590
122.57010	0.88423
122.60719	0.84901
122.64427	0.82066
122.68136	0.79811
122.71845	0.77922
122.75553	0.76141
122.79262	0.74251
122.82970	0.72142
122.86679	0.69874
122.90388	0.67698
122.94096	0.65986
122.97805	0.65011
123.01514	0.64745
123.05222	0.64956
123.08931	0.65402
123.12639	0.65907
123.16348	0.66353
123.20057	0.66644
123.23765	0.66685
123.27474	0.66377
123.31183	0.65618
123.34891	0.64321
123.38600	0.62426
123.42308	0.59925
123.46017	0.56871
123.49726	0.53396
123.53434	0.49718
123.57143	0.46153
123.60852	0.43095
123.64560	0.40957
123.68269	0.40030
123.71977	0.40311
123.75686	0.41476
123.79395	0.43043
123.83103	0.44546
123.86812	0.45606
123.90521	0.45952
123.94229	0.45417
123.97938	0.43920
124.01646	0.41455
124.05355	0.38079
124.09064	0.33896
124.12772	0.29049
124.16481	0.23709
124.20190	0.18076
124.23898	0.12383
124.27607	0.06965
124.31316	0.06262
124.35024	0.10485
124.38733	0.15048
124.42441	0.19499
124.46150	0.23577
124.49859	0.27137
124.53567	0.30124
124.57276	0.32596
124.60985	0.34744
124.64693	0.36726
124.68402	0.38383
124.72110	0.39442
124.75819	0.39740
124.79528	0.39214
124.83236	0.37878
124.86945	0.35803
124.90654	0.33111
124.94362	0.29977
124.98071	0.26739
125.01779	0.24726
125.05488	0.24531
125.09197	0.25010
125.12905	0.25918
125.16614	0.27179
125.20323	0.28740
125.24031	0.30552
125.27740	0.32573
125.31448	0.34759
125.35157	0.37060
125.38866	0.39415
125.42574	0.41747
125.46283	0.43962
125.49992	0.45958
125.53700	0.47628
125.57409	0.48875
125.61117	0.49616
125.64826	0.49792
125.68535	0.49371
125.72243	0.48349
125.75952	0.46754
125.79661	0.44639
125.83369	0.42081
125.87078	0.39176
125.90786	0.36035
125.94495	0.32785
125.98204	0.29556
126.01912	0.26491
126.05621	0.23735
126.09330	0.21434
126.13038	0.19710
126.16747	0.18622
126.20455	0.18123
126.24164	0.18078
126.27873	0.18318
126.31581	0.18697
126.35290	0.19102
126.38999	0.19451
126.42707	0.19691
126.46416	0.19787
126.50124	0.19720
126.53833	0.19490
126.57542	0.19109
126.61250	0.18605
126.64959	0.18015
126.68668	0.17378
126.72376	0.16734
126.76085	0.16124
126.79793	0.15595
126.83502	0.15220
126.87211	0.15101
126.90919	0.15323
126.94628	0.15893
126.98337	0.16740
127.02045	0.17800
127.05754	0.19029
127.09462	0.20390
127.13171	0.21852
127.16880	0.23421
127.20588	0.25209
127.24297	0.27347
127.28006	0.29697
127.31714	0.31961
127.35423	0.33913
127.39131	0.35412
127.42840	0.36387
127.46549	0.36820
127.50257	0.36740
127.53966	0.36211
127.57675	0.35328
127.61383	0.34200
127.65092	0.32945
127.68801	0.31674
127.72509	0.30490
127.76218	0.29476
127.79926	0.28687
127.83635	0.28149
127.87344	0.27859
127.91052	0.27807
127.94761	0.28001
127.98470	0.28509
128.02178	0.29435
128.05887	0.30744
128.09595	0.32148
128.13304	0.33311
128.17013	0.34017
128.20721	0.34171
128.24430	0.33781
128.28139	0.32936
128.31847	0.31787
128.35556	0.30507
128.39264	0.29247
128.42973	0.28107
128.46682	0.27129
128.50390	0.26321
128.54099	0.25677
128.57808	0.25199
128.61516	0.24898
128.65225	0.24800
128.68933	0.24931
128.72642	0.25292
128.76351	0.25841
128.80059	0.26495
128.83768	0.27156
128.87477	0.27730
128.91185	0.28153
128.94894	0.28394
128.98602	0.28464
129.02311	0.28414
129.06020	0.28328
129.09728	0.28313
129.13437	0.28481
129.17146	0.28920
129.20854	0.29678
129.24563	0.30754
129.28271	0.32098
129.31980	0.33630
129.35689	0.35259
129.39397	0.36902
129.43106	0.38487
129.46815	0.39963
129.50523	0.41292
129.54232	0.42452
129.57940	0.43433
129.61649	0.44233
129.65358	0.44860
129.69066	0.45322
129.72775	0.45629
129.76484	0.45789
129.80192	0.45804
129.83901	0.45673
129.87609	0.45392
129.91318	0.44958
129.95027	0.44370
129.98735	0.43636
130.02444	0.42769
130.06153	0.41794
130.09861	0.40738
130.13570	0.39633
130.17278	0.38512
130.20987	0.37402
130.24696	0.36324
130.28404	0.35293
130.32113	0.34317
130.35822	0.33396
130.39530	0.32524
130.43239	0.31690
130.46947	0.30874
130.50656	0.30051
130.54365	0.29190
130.58073	0.28261
130.61782	0.27240
130.65491	0.26116
130.69199	0.24899
130.72908	0.23640
130.76616	0.22453
130.80325	0.21547
130.84034	0.21173
130.87742	0.21395
130.91451	0.22013
130.95160	0.22781
130.98868	0.23538
131.02577	0.24191
131.06286	0.24687
131.09994	0.24995
131.13703	0.25092
131.17411	0.24959
131.21120	0.24577
131.24829	0.23936
131.28537	0.23039
131.32246	0.21912
131.35955	0.20613
131.39663	0.19233
131.43372	0.17883
131.47080	0.16672
131.50789	0.15678
131.54498	0.14932
131.58206	0.14437
131.61915	0.14173
131.65624	0.14095
131.69332	0.14123
131.73041	0.14164
131.76749	0.14141
131.80458	0.14014
131.84167	0.13768
131.87875	0.13414
131.91584	0.12972
131.95293	0.12489
131.99001	0.12052
132.02710	0.11819
132.06418	0.11997
132.10127	0.12647
132.13836	0.13612
132.17544	0.14757
132.21253	0.16017
132.24962	0.17365
132.28670	0.18791
132.32379	0.20283
132.36087	0.21814
132.39796	0.23327
132.43505	0.24739
132.47213	0.25961
132.50922	0.26912
132.54631	0.27535
132.58339	0.27798
132.62048	0.27697
132.65756	0.27264
132.69465	0.26565
132.73174	0.25722
132.76882	0.24940
132.80591	0.24528
132.84300	0.24736
132.88008	0.25486
132.91717	0.26517
132.95425	0.27608
132.99134	0.28595
133.02843	0.29357
133.06551	0.29805
133.10260	0.29882
133.13969	0.29565
133.17677	0.28864
133.21386	0.27820
133.25094	0.26502
133.28803	0.25003
133.32512	0.23432
133.36220	0.21909
133.39929	0.20560
133.43638	0.19503
133.47346	0.18848
133.51055	0.18681
133.54763	0.19055
133.58472	0.19988
133.62181	0.21450
133.65889	0.23366
133.69598	0.25619
133.73307	0.28061
133.77015	0.30528
133.80724	0.32854
133.84432	0.34892
133.88141	0.36528
133.91850	0.37696
133.95558	0.38394
133.99267	0.38692
134.02976	0.38733
134.06684	0.38716
134.10393	0.38839
134.14101	0.39210
134.17810	0.39796
134.21519	0.40443
134.25227	0.40958
134.28936	0.41172
134.32645	0.40971
134.36353	0.40313
134.40062	0.39239
134.43771	0.37883
134.47479	0.36496
134.51188	0.35441
134.54896	0.35091
134.58605	0.35582
134.62314	0.36693
134.66022	0.38039
134.69731	0.39282
134.73440	0.40204
134.77148	0.40693
134.80857	0.40724
134.84565	0.40339
134.88274	0.39629
134.91983	0.38712
134.95691	0.37710
134.99400	0.36732
135.03109	0.35847
135.06817	0.35081
135.10526	0.34412
135.14234	0.33794
135.17943	0.33179
135.21652	0.32536
135.25360	0.31855
135.29069	0.31146
135.32778	0.30424
135.36486	0.29694
135.40195	0.28954
135.43903	0.28201
135.47612	0.27447
135.51321	0.26751
135.55029	0.26255
135.58738	0.26257
135.62447	0.27173
135.66155	0.29063
135.69864	0.31542
135.73572	0.34297
135.77281	0.37174
135.80990	0.40083
135.84698	0.42950
135.88407	0.45697
135.92116	0.48244
135.95824	0.50513
135.99533	0.52434
136.03241	0.53955
136.06950	0.55041
136.10659	0.55687
136.14367	0.55914
136.18076	0.55772
136.21785	0.55335
136.25493	0.54699
136.29202	0.53966
136.32910	0.53238
136.36619	0.52605
136.40328	0.52141
136.44036	0.51891
136.47745	0.51883
136.51454	0.52133
136.55162	0.52668
136.58871	0.53552
136.62579	0.54851
136.66288	0.56487
136.69997	0.58223
136.73705	0.59844
136.77414	0.61228
136.81123	0.62332
136.84831	0.63170
136.88540	0.63802
136.92248	0.64320
136.95957	0.64832
136.99666	0.65446
137.03374	0.66249
137.07083	0.67289
137.10792	0.68564
137.14500	0.70026
137.18209	0.71586
137.21917	0.73132
137.25626	0.74543
137.29335	0.75707
137.33043	0.76533
137.36752	0.76953
137.40461	0.76930
137.44169	0.76457
137.47878	0.75548
137.51586	0.74244
137.55295	0.72599
137.59004	0.70677
137.62712	0.68547
137.66421	0.66278
137.70130	0.63930
137.73838	0.61556
137.77547	0.59199
137.81255	0.56891
137.84964	0.54659
137.88673	0.52533
137.92381	0.50546
137.96090	0.48739
137.99799	0.47164
138.03507	0.45874
138.07216	0.44921
138.10925	0.44338
138.14633	0.44132
138.18342	0.44275
138.22050	0.44702
138.25759	0.45325
138.29468	0.46043
138.33176	0.46759
138.36885	0.47383
138.40594	0.47840
138.44302	0.48072
138.48011	0.48035
138.51719	0.47701
138.55428	0.47060
138.59137	0.46123
138.62845	0.44930
138.66554	0.43557
138.70263	0.42119
138.73971	0.40774
138.77680	0.39707
138.81388	0.39112
138.85097	0.39138
138.88806	0.39847
138.92514	0.41190
138.96223	0.43023
138.99932	0.45140
139.03640	0.47321
139.07349	0.49361
139.11057	0.51087
139.14766	0.52374
139.18475	0.53144
139.22183	0.53368
139.25892	0.53058
139.29601	0.52261
139.33309	0.51036
139.37018	0.49447
139.40726	0.47546
139.44435	0.45368
139.48144	0.42923
139.51852	0.40215
139.55561	0.37247
139.59270	0.34047
139.62978	0.30695
139.66687	0.27399
139.70395	0.24736
139.74104	0.23959
139.77813	0.25117
139.81521	0.26809
139.85230	0.28343
139.88939	0.29489
139.92647	0.30180
139.96356	0.30424
140.00064	0.30279
140.03773	0.29826
140.07482	0.29141
140.11190	0.28272
140.14899	0.27216
140.18608	0.25916
140.22316	0.24272
140.26025	0.22168
140.29733	0.19504
140.33442	0.16224
140.37151	0.12348
140.40859	0.08036
140.44568	0.03816
140.48277	0.05021
140.51985	0.10291
140.55694	0.15942
140.59402	0.21595
140.63111	0.27058
140.66820	0.32222
140.70528	0.37042
140.74237	0.41525
140.77946	0.45715
140.81654	0.49669
140.85363	0.53436
140.89071	0.57035
140.92780	0.60443
140.96489	0.63600
141.00197	0.66420
141.03906	0.68814
141.07615	0.70712
141.11323	0.72080
141.15032	0.72931
141.18740	0.73325
141.22449	0.73360
141.26158	0.73161
141.29866	0.72860
141.33575	0.72578
141.37284	0.72411
141.40992	0.72417
141.44701	0.72616
141.48410	0.72987
141.52118	0.73472
141.55827	0.73980
141.59535	0.74394
141.63244	0.74583
141.66953	0.74413
141.70661	0.73765
141.74370	0.72549
141.78079	0.70725
141.81787	0.68307
141.85496	0.65374
141.89204	0.62063
141.92913	0.58555
141.96622	0.55049
142.00330	0.51731
142.04039	0.48740
142.07748	0.46153
142.11456	0.43989
142.15165	0.42228
142.18873	0.40827
142.22582	0.39736
142.26291	0.38912
142.29999	0.38319
142.33708	0.37934
142.37417	0.37745
142.41125	0.37755
142.44834	0.37967
142.48542	0.38385
142.52251	0.39003
142.55960	0.39801
142.59668	0.40742
142.63377	0.41778
142.67086	0.42851
142.70794	0.43900
142.74503	0.44866
142.78211	0.45700
142.81920	0.46363
142.85629	0.46834
142.89337	0.47107
142.93046	0.47198
142.96755	0.47142
143.00463	0.46989
143.04172	0.46799
143.07880	0.46617
143.11589	0.46456
143.15298	0.46296
143.19006	0.46096
143.22715	0.45824
143.26424	0.45469
143.30132	0.45050
143.33841	0.44601
143.37549	0.44165
143.41258	0.43769
143.44967	0.43422
143.48675	0.43110
143.52384	0.42813
143.56093	0.42521
143.59801	0.42243
143.63510	0.42004
143.67218	0.41832
143.70927	0.41735
143.74636	0.41694
143.78344	0.41659
143.82053	0.41575
143.85762	0.41475
143.89470	0.42619
143.93179	0.46643
143.96887	0.50832
144.00596	0.54571
144.04305	0.57689
144.08013	0.60079
144.11722	0.61670
144.15431	0.62418
144.19139	0.62313
144.22848	0.61375
144.26556	0.59658
144.30265	0.57258
144.33974	0.54310
144.37682	0.51003
144.41391	0.47603
144.45100	0.44523
144.48808	0.42451
144.52517	0.42347
144.56225	0.44649
144.59934	0.48614
144.63643	0.53251
144.67351	0.57916
144.71060	0.62218
144.74769	0.65892
144.78477	0.68751
144.82186	0.70655
144.85895	0.71516
144.89603	0.71293
144.93312	0.69991
144.97020	0.67664
145.00729	0.64408
145.04438	0.60359
145.08146	0.55681
145.11855	0.50555
145.15564	0.45168
145.19272	0.39700
145.22981	0.34315
145.26689	0.29161
145.30398	0.24393
145.34107	0.20221
145.37815	0.17015
145.41524	0.15348
145.45233	0.15534
145.48941	0.17100
145.52650	0.19379
145.56358	0.21938
145.60067	0.24521
145.63776	0.26971
145.67484	0.29204
145.71193	0.31186
145.74902	0.32920
145.78610	0.34432
145.82319	0.35762
145.86027	0.36950
145.89736	0.38029
145.93445	0.39017
145.97153	0.39915
146.00862	0.40702
146.04571	0.41344
146.08279	0.41794
146.11988	0.42001
146.15696	0.41918
146.19405	0.41508
146.23114	0.40752
146.26822	0.39657
146.30531	0.38252
146.34240	0.36600
146.37948	0.34788
146.41657	0.32926
146.45365	0.31135
146.49074	0.29528
146.52783	0.28194
146.56491	0.27179
146.60200	0.26489
146.63909	0.26098
146.67617	0.25961
146.71326	0.26017
146.75034	0.26199
146.78743	0.26425
146.82452	0.26611
146.86160	0.26676
146.89869	0.26558
146.93578	0.26213
146.97286	0.25626
147.00995	0.24801
147.04703	0.23768
147.08412	0.22576
147.12121	0.21293
147.15829	0.20000
147.19538	0.18801
147.23247	0.17835
147.26955	0.17303
147.30664	0.17480
147.34372	0.18569
147.38081	0.20437
147.41790	0.22691
147.45498	0.24976
147.49207	0.27058
147.52916	0.28791
147.56624	0.30076
147.60333	0.30846
147.64041	0.31052
147.67750	0.30665
147.71459	0.29677
147.75167	0.28100
147.78876	0.25974
147.82585	0.23364
147.86293	0.25725
147.90002	0.27947
147.93710	0.29899
147.97419	0.31473
148.01128	0.32572
148.04836	0.33121
148.08545	0.33075
148.12254	0.32420
148.15962	0.31184
148.19671	0.29432
148.23380	0.27266
148.27088	0.24829
148.30797	0.22312
148.34505	0.20005
148.38214	0.18432
148.41923	0.18361
148.45631	0.19873
148.49340	0.22150
148.53049	0.24561
148.56757	0.26806
148.60466	0.28742
148.64174	0.30312
148.67883	0.31506
148.71592	0.32347
148.75300	0.32874
148.79009	0.33134
148.82718	0.33166
148.86426	0.33004
148.90135	0.32667
148.93843	0.32177
148.97552	0.31555
149.01261	0.30839
149.04969	0.30092
149.08678	0.29402
149.12387	0.28875
149.16095	0.28602
149.19804	0.28624
149.23512	0.28895
149.27221	0.29301
149.30930	0.29696
149.34638	0.29945
149.38347	0.29947
149.42056	0.29646
149.45764	0.29037
149.49473	0.28166
149.53181	0.27120
149.56890	0.26014
149.60599	0.24961
149.64307	0.24044
149.68016	0.23295
149.71725	0.22700
149.75433	0.22224
149.79142	0.21821
149.82850	0.21452
149.86559	0.21082
149.90268	0.20682
149.93976	0.20237
149.97685	0.19760
150.01394	0.19302
150.05102	0.18940
150.08811	0.18746
150.12519	0.18755
150.16228	0.18946
150.19937	0.19262
150.23645	0.19636
150.27354	0.20006
150.31063	0.20343
150.34771	0.20658
150.38480	0.21014
150.42188	0.21498
150.45897	0.22160
150.49606	0.22976
150.53314	0.23867
150.57023	0.24743
150.60732	0.25526
150.64440	0.26159
150.68149	0.26604
150.71857	0.26844
150.75566	0.26876
150.79275	0.26714
150.82983	0.26381
150.86692	0.25911
150.90401	0.25341
150.94109	0.24716
150.97818	0.24082
151.01526	0.23494
151.05235	0.22998
151.08944	0.22609
151.12652	0.22268
151.16361	0.21851
151.20070	0.21239
151.23778	0.20393
151.27487	0.19358
151.31195	0.18233
151.34904	0.17093
151.38613	0.15937
151.42321	0.14711
151.46030	0.13360
151.49739	0.11856
151.53447	0.10227
151.57156	0.08768
151.60864	0.09455
151.64573	0.11716
151.68282	0.14051
151.71990	0.16317
151.75699	0.18491
151.79408	0.20549
151.83116	0.22440
151.86825	0.24095
151.90534	0.25441
151.94242	0.26412
151.97951	0.26963
152.01659	0.27068
152.05368	0.26727
152.09077	0.25958
152.12785	0.24800
152.16494	0.23304
152.20203	0.21534
152.23911	0.19563
152.27620	0.17478
152.31328	0.15387
152.35037	0.13454
152.38746	0.11941
152.42454	0.11194
152.46163	0.11349
152.49872	0.12144
152.53580	0.13255
152.57289	0.14503
152.60997	0.15816
152.64706	0.17168
152.68415	0.18546
152.72123	0.19947
152.75832	0.21375
152.79541	0.22854
152.83249	0.24423
152.86958	0.26142
152.90666	0.28082
152.94375	0.30297
152.98084	0.32793
153.01792	0.35499
153.05501	0.38291
153.09210	0.41031
153.12918	0.43589
153.16627	0.45859
153.20335	0.47754
153.24044	0.49207
153.27753	0.50164
153.31461	0.50581
153.35170	0.50426
153.38879	0.49678
153.42587	0.48331
153.46296	0.46401
153.50004	0.43929
153.53713	0.40991
153.57422	0.37707
153.61130	0.34244
153.64839	0.30821
153.68548	0.27713
153.72256	0.25227
153.75965	0.23662
153.79673	0.23246
153.83382	0.24043
153.87091	0.25883
153.90799	0.28422
153.94508	0.31303
153.98217	0.34246
154.01925	0.37041
154.05634	0.39520
154.09342	0.41546
154.13051	0.43007
154.16760	0.43819
154.20468	0.43935
154.24177	0.43347
154.27886	0.42096
154.31594	0.40270
154.35303	0.38014
154.39011	0.35525
154.42720	0.33056
154.46429	0.30915
154.50137	0.29429
154.53846	0.28837
154.57555	0.29156
154.61263	0.30174
154.64972	0.31601
154.68680	0.33195
154.72389	0.34790
154.76098	0.36272
154.79806	0.37547
154.83515	0.38529
154.87224	0.39147
154.90932	0.39351
154.94641	0.39137
154.98349	0.38553
155.02058	0.37712
155.05767	0.36835
155.09475	0.36383
155.13184	0.37175
155.16893	0.39377
155.20601	0.42277
155.24310	0.45511
155.28019	0.49017
155.31727	0.52797
155.35436	0.56827
155.39144	0.61033
155.42853	0.65296
155.46562	0.69469
155.50270	0.73401
155.53979	0.76948
155.57688	0.79993
155.61396	0.82452
155.65105	0.84280
155.68813	0.85474
155.72522	0.86069
155.76231	0.86135
155.79939	0.85761
155.83648	0.85052
155.87357	0.84108
155.91065	0.83024
155.94774	0.81883
155.98482	0.80755
156.02191	0.79691
156.05900	0.78713
156.09608	0.77810
156.13317	0.76932
156.17026	0.76002
156.20734	0.74939
156.24443	0.73688
156.28151	0.72247
156.31860	0.70690
156.35569	0.69172
156.39277	0.67907
156.42986	0.67127
156.46695	0.67008
156.50403	0.67619
156.54112	0.68893
156.57820	0.70652
156.61529	0.72651
156.65238	0.74623
156.68946	0.76326
156.72655	0.77560
156.76364	0.78194
156.80072	0.78163
156.83781	0.77473
156.87489	0.76190
156.91198	0.74430
156.94907	0.72339
156.98615	0.70084
157.02324	0.67832
157.06033	0.65739
157.09741	0.63939
157.13450	0.62530
157.17158	0.61564
157.20867	0.61042
157.24576	0.60907
157.28284	0.61049
157.31993	0.61315
157.35702	0.61526
157.39410	0.61505
157.43119	0.61092
157.46827	0.60179
157.50536	0.58734
157.54245	0.56841
157.57953	0.54744
157.61662	0.52897
157.65371	0.51960
157.69079	0.52615
157.72788	0.55239
157.76496	0.59741
157.80205	0.65738
157.83914	0.72784
157.87622	0.80484
157.91331	0.88527
157.95040	0.96705
157.98748	1.04913
158.02457	1.13135
158.06165	1.21417
158.09874	1.29823
158.13583	1.38386
158.17291	1.47064
158.21000	1.55713
158.24709	1.64090
158.28417	1.71867
158.32126	1.78667
158.35834	1.84106
158.39543	1.87824
158.43252	1.89513
158.46960	1.88939
158.50669	1.85947
158.54378	1.80463
158.58086	1.72493
158.61795	1.62128
158.65504	1.49565
158.69212	1.35159
158.72921	1.19527
158.76629	1.03730
158.80338	0.89412
158.84047	0.78478
158.87755	0.72322
158.91464	0.72172
158.95173	0.79427
158.98881	0.93285
159.02590	1.10556
159.06298	1.28532
159.10007	1.45595
159.13716	1.60701
159.17424	1.73024
159.21133	1.81813
159.24842	1.86412
159.28550	1.86421
159.32259	1.82086
159.35967	1.75039
159.39676	1.69421
159.43385	1.72003
159.47093	1.88499
159.50802	2.19802
159.54511	2.64044
159.58219	3.19452
159.61928	3.84853
159.65636	4.59019
159.69345	5.40047
159.73054	6.25511
159.76762	7.12986
159.80471	8.00307
159.84180	8.85577
159.87888	9.67114
159.91597	10.43398
159.95305	11.13040
159.99014	11.74766
160.02723	12.27418
160.06431	12.69964
160.10140	13.01509
160.13849	13.21319
160.17557	13.28838
160.21266	13.23704
160.24974	13.05761
160.28683	12.75084
160.32392	12.32000
160.36100	11.77135
160.39809	11.11459
160.43518	10.36350
160.47226	9.53640
160.50935	8.65659
160.54643	7.75259
160.58352	6.85812
160.62061	6.01111
160.65769	5.25004
160.69478	4.60503
160.73187	4.08706
160.76895	3.68737
160.80604	3.39112
160.84312	3.18963
160.88021	3.07781
160.91730	3.04115
160.95438	3.05057
160.99147	3.07367
161.02856	3.08668
161.06564	3.07671
161.10273	3.03848
161.13981	2.97071
161.17690	2.87371
161.21399	2.74829
161.25107	2.59554
161.28816	2.41739
161.32525	2.21730
161.36233	2.00104
161.39942	1.77719
161.43650	1.55718
161.47359	1.35452
161.51068	1.18239
161.54776	1.04909
161.58485	0.95379
161.62194	0.88723
161.65902	0.83712
161.69611	0.79235
161.73319	0.74424
161.77028	0.68762
161.80737	0.62340
161.84445	0.56305
161.88154	0.53672
161.91863	0.58199
161.95571	0.68789
161.99280	0.81485
162.02989	0.93796
162.06697	1.04491
162.10406	1.13045
162.14114	1.19413
162.17823	1.23934
162.21532	1.27217
162.25240	1.29979
162.28949	1.32843
162.32658	1.36150
162.36366	1.39860
162.40075	1.43596
162.43783	1.46785
162.47492	1.48841
162.51201	1.49322
162.54909	1.48034
162.58618	1.45083
162.62327	1.40872
162.66035	1.36037
162.69744	1.31330
162.73452	1.27431
162.77161	1.24768
162.80870	1.23391
162.84578	1.23006
162.88287	1.23123
162.91996	1.23221
162.95704	1.22882
162.99413	1.21841
163.03121	1.19999
163.06830	1.17401
163.10539	1.14189
163.14247	1.10548
163.17956	1.06641
163.21665	1.02550
163.25373	0.98247
163.29082	0.93602
163.32790	0.88438
163.36499	0.82606
163.40208	0.76063
163.43916	0.68934
163.47625	0.61558
163.51334	0.54523
163.55042	0.48677
163.58751	0.45018
163.62459	0.44317
163.66168	0.46622
163.69877	0.51225
163.73585	0.57174
163.77294	0.63683
163.81003	0.70233
163.84711	0.76521
163.88420	0.82385
163.92128	0.87754
163.95837	0.92604
163.99546	0.96930
164.03254	1.00731
164.06963	1.03995
164.10672	1.06693
164.14380	1.08778
164.18089	1.10186
164.21797	1.10841
164.25506	1.10656
164.29215	1.09535
164.32923	1.07367
164.36632	1.04034
164.40341	0.99408
164.44049	0.93377
164.47758	0.85874
164.51466	0.76911
164.55175	0.66602
164.58884	0.55173
164.62592	0.42968
164.66301	0.30533
164.70010	0.23619
164.73718	0.34078
164.77427	0.44738
164.81135	0.54211
164.84844	0.62178
164.88553	0.68474
164.92261	0.73049
164.95970	0.75968
164.99679	0.77401
165.03387	0.77606
165.07096	0.76896
165.10804	0.75601
165.14513	0.74020
165.18222	0.72370
165.21930	0.70763
165.25639	0.69200
165.29348	0.67599
165.33056	0.65848
165.36765	0.63847
165.40473	0.61546
165.44182	0.58953
165.47891	0.56134
165.51599	0.53169
165.55308	0.50101
165.59017	0.46898
165.62725	0.43472
165.66434	0.39762
165.70143	0.35834
165.73851	0.32088
165.77560	0.29757
165.81268	0.30931
165.84977	0.35267
165.88686	0.40496
165.92394	0.45352
165.96103	0.49298
165.99812	0.52115
166.03520	0.53783
166.07229	0.54452
166.10937	0.54428
166.14646	0.54136
166.18355	0.54048
166.22063	0.54569
166.25772	0.55926
166.29481	0.58123
166.33189	0.61004
166.36898	0.64344
166.40606	0.67851
166.44315	0.71104
166.48024	0.73613
166.51732	0.74982
166.55441	0.74979
166.59150	0.73528
166.62858	0.70694
166.66567	0.66662
166.70275	0.61725
166.73984	0.56264
166.77693	0.50720
166.81401	0.45567
166.85110	0.41239
166.88819	0.38042
166.92527	0.36036
166.96236	0.34996
166.99944	0.34503
167.03653	0.34101
167.07362	0.33428
167.11070	0.32256
167.14779	0.30490
167.18488	0.28154
167.22196	0.25382
167.25905	0.22450
167.29613	0.19855
167.33322	0.18433
167.37031	0.19034
167.40739	0.21572
167.44448	0.25226
167.48157	0.29277
167.51865	0.33258
167.55574	0.36858
167.59282	0.39861
167.62991	0.42116
167.66700	0.43525
167.70408	0.44042
167.74117	0.43667
167.77826	0.42486
167.81534	0.41863
167.85243	0.40691
167.88951	0.38532
167.92660	0.35449
167.96369	0.31555
168.00077	0.27006
168.03786	0.22022
168.07495	0.16975
168.11203	0.12619
168.14912	0.09611
168.18620	0.08585
168.22329	0.10718
168.26038	0.14711
168.29746	0.19006
168.33455	0.23113
168.37164	0.26894
168.40872	0.30315
168.44581	0.33375
168.48289	0.36081
168.51998	0.38436
168.55707	0.40431
168.59415	0.42052
168.63124	0.43282
168.66833	0.44111
168.70541	0.44547
168.74250	0.44622
168.77958	0.44389
168.81667	0.43923
168.85376	0.43305
168.89084	0.42616
168.92793	0.41919
168.96502	0.41250
169.00210	0.40619
169.03919	0.40024
169.07628	0.39475
169.11336	0.39017
169.15045	0.38752
169.18753	0.38830
169.22462	0.39406
169.26171	0.40582
169.29879	0.42363
169.33588	0.44667
169.37297	0.47355
169.41005	0.50256
169.44714	0.53191
169.48422	0.55980
169.52131	0.58458
169.55840	0.60478
169.59548	0.61922
169.63257	0.62709
169.66966	0.62792
169.70674	0.62164
169.74383	0.60857
169.78091	0.58935
169.81800	0.56492
169.85509	0.53646
169.89217	0.50528
169.92926	0.47278
169.96635	0.44037
170.00343	0.40942
