49.99228	0.09531
50.02937	0.11162
50.06646	0.13208
50.10354	0.15520
50.14063	0.17994
50.17771	0.20556
50.21480	0.23147
50.25189	0.25717
50.28897	0.28221
50.32606	0.30614
50.36315	0.32853
50.40023	0.34899
50.43732	0.36713
50.47440	0.38264
50.51149	0.39521
50.54858	0.40464
50.58566	0.41074
50.62275	0.41340
50.65984	0.41256
50.69692	0.40828
50.73401	0.40075
50.77109	0.39045
50.80818	0.37827
50.84527	0.36564
50.88235	0.35443
50.91944	0.34626
50.95653	0.34189
50.99361	0.34127
51.03070	0.34422
51.06778	0.35070
51.10487	0.36077
51.14196	0.37436
51.17904	0.39110
51.21613	0.41016
51.25322	0.43036
51.29030	0.45038
51.32739	0.46899
51.36447	0.48520
51.40156	0.49837
51.43865	0.50823
51.47573	0.51480
51.51282	0.51838
51.54991	0.51942
51.58699	0.51838
51.62408	0.51556
51.66116	0.51101
51.69825	0.50447
51.73534	0.49544
51.77242	0.48329
51.80951	0.46750
51.84660	0.44780
51.88368	0.42426
51.92077	0.39749
51.95786	0.36865
51.99494	0.33979
52.03203	0.31442
52.06911	0.29762
52.10620	0.29032
52.14329	0.28733
52.18037	0.28522
52.21746	0.28327
52.25455	0.28183
52.29163	0.28164
52.32872	0.28371
52.36580	0.28912
52.40289	0.29858
52.43998	0.31185
52.47706	0.32776
52.51415	0.34476
52.55124	0.36140
52.58832	0.37657
52.62541	0.38948
52.66249	0.39964
52.69958	0.40680
52.73667	0.41092
52.77375	0.41219
52.81084	0.41098
52.84793	0.40782
52.88501	0.40342
52.92210	0.39858
52.95918	0.39410
52.99627	0.39075
53.03336	0.38928
53.07044	0.39044
53.10753	0.39513
53.14462	0.40432
53.18170	0.41864
53.21879	0.43761
53.25587	0.45932
53.29296	0.48110
53.33005	0.50042
53.36713	0.51543
53.40422	0.52502
53.44131	0.52879
53.47839	0.52685
53.51548	0.51975
53.55256	0.50836
53.58965	0.49370
53.62674	0.47685
53.66382	0.45887
53.70091	0.44063
53.73800	0.42283
53.77508	0.40593
53.81217	0.39012
53.84925	0.37540
53.88634	0.36157
53.92343	0.34833
53.96051	0.33530
53.99760	0.32205
54.03469	0.30820
54.07177	0.29342
54.10886	0.27746
54.14594	0.26020
54.18303	0.24166
54.22012	0.22207
54.25720	0.20188
54.29429	0.18204
54.33138	0.16495
54.36846	0.15749
54.40555	0.16442
54.44263	0.17767
54.47972	0.19248
54.51681	0.20760
54.55389	0.22259
54.59098	0.23719
54.62807	0.25113
54.66515	0.26410
54.70224	0.27581
54.73932	0.28597
54.77641	0.29434
54.81350	0.30076
54.85058	0.30520
54.88767	0.30772
54.92476	0.30852
54.96184	0.30788
54.99893	0.30617
55.03601	0.30377
55.07310	0.30102
55.11019	0.29819
55.14727	0.29544
55.18436	0.29281
55.22145	0.29020
55.25853	0.28747
55.29562	0.28441
55.33271	0.28084
55.36979	0.27665
55.40688	0.27184
55.44396	0.26653
55.48105	0.26097
55.51814	0.25550
55.55522	0.25049
55.59231	0.24620
55.62940	0.24276
55.66648	0.24021
55.70357	0.23862
55.74065	0.23819
55.77774	0.23937
55.81483	0.24275
55.85191	0.24887
55.88900	0.25806
55.92609	0.27028
55.96317	0.28502
56.00026	0.30143
56.03734	0.31844
56.07443	0.33495
56.11152	0.34998
56.14860	0.36282
56.18569	0.37333
56.22278	0.38251
56.25986	0.39358
56.29695	0.41036
56.33403	0.43043
56.37112	0.44909
56.40821	0.46408
56.44529	0.47463
56.48238	0.48067
56.51947	0.48242
56.55655	0.48026
56.59364	0.47458
56.63072	0.46576
56.66781	0.45405
56.70490	0.43963
56.74198	0.42263
56.77907	0.40315
56.81616	0.38134
56.85324	0.35746
56.89033	0.33192
56.92741	0.30527
56.96450	0.27822
57.00159	0.25157
57.03867	0.22617
57.07576	0.20289
57.11285	0.18254
57.14993	0.16587
57.18702	0.15357
57.22410	0.14624
57.26119	0.14420
57.29828	0.14728
57.33536	0.15456
57.37245	0.16474
57.40954	0.17658
57.44662	0.18916
57.48371	0.20189
57.52079	0.21446
57.55788	0.22681
57.59497	0.23906
57.63205	0.25155
57.66914	0.26472
57.70623	0.27913
57.74331	0.29532
57.78040	0.31375
57.81748	0.33465
57.85457	0.35805
57.89166	0.38367
57.92874	0.41098
57.96583	0.43923
58.00292	0.46752
58.04000	0.49486
58.07709	0.52022
58.11417	0.54267
58.15126	0.56138
58.18835	0.57569
58.22543	0.58522
58.26252	0.58979
58.29961	0.58952
58.33669	0.58478
58.37378	0.57615
58.41086	0.56438
58.44795	0.55028
58.48504	0.53465
58.52212	0.51823
58.55921	0.50159
58.59630	0.48517
58.63338	0.46933
58.67047	0.45439
58.70756	0.44076
58.74464	0.42903
58.78173	0.41992
58.81881	0.41417
58.85590	0.41221
58.89299	0.41386
58.93007	0.41826
58.96716	0.42415
59.00425	0.43020
59.04133	0.43529
59.07842	0.43856
59.11550	0.43945
59.15259	0.43766
59.18968	0.43307
59.22676	0.42572
59.26385	0.41572
59.30094	0.40326
59.33802	0.38859
59.37511	0.37209
59.41219	0.35426
59.44928	0.33579
59.48637	0.31757
59.52345	0.30067
59.56054	0.28626
59.59763	0.27547
59.63471	0.26920
59.67180	0.26792
59.70888	0.27165
59.74597	0.28003
59.78306	0.29242
59.82014	0.30800
59.85723	0.32579
59.89432	0.34467
59.93140	0.36343
59.96849	0.38084
60.00557	0.39569
60.04266	0.40690
60.07975	0.41357
60.11683	0.41508
60.15392	0.41107
60.19101	0.40152
60.22809	0.38670
60.26518	0.36718
60.30226	0.34378
60.33935	0.31750
60.37644	0.28951
60.41352	0.26105
60.45061	0.23350
60.48770	0.20830
60.52478	0.18686
60.56187	0.17035
60.59895	0.15928
60.63604	0.15322
60.67313	0.15103
60.71021	0.15136
60.74730	0.15303
60.78439	0.15523
60.82147	0.15745
60.85856	0.15948
60.89564	0.16131
60.93273	0.16295
60.96982	0.16440
61.00690	0.16555
61.04399	0.16623
61.08108	0.16622
61.11816	0.16530
61.15525	0.16328
61.19233	0.16007
61.22942	0.15573
61.26651	0.15054
61.30359	0.14512
61.34068	0.14032
61.37777	0.13713
61.41485	0.13619
61.45194	0.13758
61.48902	0.14085
61.52611	0.14542
61.56320	0.15086
61.60028	0.15696
61.63737	0.16380
61.67446	0.17170
61.71154	0.18122
61.74863	0.19297
61.78571	0.20729
61.82280	0.22400
61.85989	0.24229
61.89697	0.26099
61.93406	0.27878
61.97115	0.29444
62.00823	0.30696
62.04532	0.31563
62.08241	0.32008
62.11949	0.32025
62.15658	0.31645
62.19366	0.30929
62.23075	0.29969
62.26784	0.28881
62.30492	0.27800
62.34201	0.26876
62.37910	0.26249
62.41618	0.26030
62.45327	0.26267
62.49035	0.26930
62.52744	0.27922
62.56453	0.29112
62.60161	0.30370
62.63870	0.31579
62.67579	0.32649
62.71287	0.33514
62.74996	0.34131
62.78704	0.34475
62.82413	0.34533
62.86122	0.34303
62.89830	0.33790
62.93539	0.33003
62.97248	0.31956
63.00956	0.30669
63.04665	0.29168
63.08373	0.27486
63.12082	0.25666
63.15791	0.23762
63.19499	0.21833
63.23208	0.19948
63.26917	0.18176
63.30625	0.16576
63.34334	0.15188
63.38042	0.14024
63.41751	0.13067
63.45460	0.12278
63.49168	0.11602
63.52877	0.10997
63.56586	0.10472
63.60294	0.10218
63.64003	0.10574
63.67711	0.11320
63.71420	0.12074
63.75129	0.12673
63.78837	0.13046
63.82546	0.13150
63.86255	0.12964
63.89963	0.12484
63.93672	0.11724
63.97380	0.10715
64.01089	0.09511
64.04798	0.08194
64.08506	0.06891
64.12215	0.05797
64.15924	0.05213
64.19632	0.05443
64.23341	0.06438
64.27049	0.07860
64.30758	0.09459
64.34467	0.11103
64.38175	0.12721
64.41884	0.14270
64.45593	0.15724
64.49301	0.17064
64.53010	0.18268
64.56718	0.19315
64.60427	0.20173
64.64136	0.20805
64.67844	0.21169
64.71553	0.21218
64.75262	0.20913
64.78970	0.20222
64.82679	0.19131
64.86387	0.17648
64.90096	0.15803
64.93805	0.13651
64.97513	0.11276
65.01222	0.08799
65.04931	0.06405
65.08639	0.04496
65.12348	0.04425
65.16056	0.06118
65.19765	0.08166
65.23474	0.10192
65.27182	0.12053
65.30891	0.13679
65.34600	0.15038
65.38308	0.16122
65.42017	0.16942
65.45725	0.17517
65.49434	0.17877
65.53143	0.18051
65.56851	0.18075
65.60560	0.17985
65.64269	0.17816
65.67977	0.17605
65.71686	0.17389
65.75395	0.17201
65.79103	0.17069
65.82812	0.17020
65.86520	0.17071
65.90229	0.17234
65.93938	0.17512
65.97646	0.17897
66.01355	0.18372
66.05064	0.18916
66.08772	0.19500
66.12481	0.20092
66.16189	0.20663
66.19898	0.21179
66.23607	0.21611
66.27315	0.21929
66.31024	0.22110
66.34733	0.22131
66.38441	0.21975
66.42150	0.21631
66.45858	0.21092
66.49567	0.20355
66.53276	0.19424
66.56984	0.18308
66.60693	0.17023
66.64402	0.15588
66.68110	0.14031
66.71819	0.12383
66.75527	0.10678
66.79236	0.08954
66.82945	0.07249
66.86653	0.05604
66.90362	0.04064
66.94071	0.02718
66.97779	0.01809
67.01488	0.01964
67.05196	0.02989
67.08905	0.04232
67.12614	0.05538
67.16322	0.06856
67.20031	0.08150
67.23740	0.09380
67.27448	0.10499
67.31157	0.11457
67.34865	0.12209
67.38574	0.12714
67.42283	0.12944
67.45991	0.12890
67.49700	0.12558
67.53409	0.11982
67.57117	0.11232
67.60826	0.10449
67.64534	0.09935
67.68243	0.10130
67.71952	0.11117
67.75660	0.12578
67.79369	0.14259
67.83078	0.16031
67.86786	0.17826
67.90495	0.19601
67.94203	0.21318
67.97912	0.22942
68.01621	0.24436
68.05329	0.25764
68.09038	0.26895
68.12747	0.27808
68.16455	0.28498
68.20164	0.28976
68.23872	0.29267
68.27581	0.29408
68.31290	0.29444
68.34998	0.29420
68.38707	0.29374
68.42416	0.29332
68.46124	0.29305
68.49833	0.29287
68.53541	0.29260
68.57250	0.29198
68.60959	0.29073
68.64667	0.28860
68.68376	0.28539
68.72085	0.28100
68.75793	0.27538
68.79502	0.26856
68.83210	0.26060
68.86919	0.25163
68.90628	0.24181
68.94336	0.23136
68.98045	0.22053
69.01754	0.20967
69.05462	0.19915
69.09171	0.18937
69.12880	0.18068
69.16588	0.17334
69.20297	0.16745
69.24005	0.16295
69.27714	0.15965
69.31423	0.15724
69.35131	0.15541
69.38840	0.15390
69.42549	0.15255
69.46257	0.15136
69.49966	0.15045
69.53674	0.15003
69.57383	0.15032
69.61092	0.15150
69.64800	0.15358
69.68509	0.15639
69.72218	0.15960
69.75926	0.16278
69.79635	0.16548
69.83343	0.16726
69.87052	0.16778
69.90761	0.16678
69.94469	0.16415
69.98178	0.15990
70.01887	0.15417
70.05595	0.14720
70.09304	0.13929
70.13012	0.13078
70.16721	0.12197
70.20430	0.11304
70.24138	0.10404
70.27847	0.09490
70.31556	0.08547
70.35264	0.07566
70.38973	0.06553
70.42681	0.05548
70.46390	0.04645
70.50099	0.04053
70.53807	0.04156
70.57516	0.04986
70.61225	0.06123
70.64933	0.07301
70.68642	0.08384
70.72350	0.09286
70.76059	0.09954
70.79768	0.10360
70.83476	0.10503
70.87185	0.10406
70.90894	0.10116
70.94602	0.09708
70.98311	0.09294
71.02019	0.09083
71.05728	0.09397
71.09437	0.10295
71.13145	0.11506
71.16854	0.12835
71.20563	0.14171
71.24271	0.15445
71.27980	0.16603
71.31688	0.17611
71.35397	0.18450
71.39106	0.19112
71.42814	0.19600
71.46523	0.19929
71.50232	0.20117
71.53940	0.20187
71.57649	0.20163
71.61357	0.20067
71.65066	0.19916
71.68775	0.19725
71.72483	0.19499
71.76192	0.19240
71.79901	0.18941
71.83609	0.18595
71.87318	0.18192
71.91026	0.17725
71.94735	0.17191
71.98444	0.16596
72.02152	0.15952
72.05861	0.15278
72.09570	0.14603
72.13278	0.13962
72.16987	0.13408
72.20695	0.13032
72.24404	0.12988
72.28113	0.13428
72.31821	0.14308
72.35530	0.15458
72.39239	0.16733
72.42947	0.18036
72.46656	0.19293
72.50365	0.20447
72.54073	0.21450
72.57782	0.22265
72.61490	0.22868
72.65199	0.23247
72.68908	0.23410
72.72616	0.23380
72.76325	0.23199
72.80034	0.22916
72.83742	0.22577
72.87451	0.22217
72.91159	0.21840
72.94868	0.21424
72.98577	0.20927
73.02285	0.20291
73.05994	0.19462
73.09703	0.18393
73.13411	0.17050
73.17120	0.15422
73.20828	0.13521
73.24537	0.11392
73.28246	0.09120
73.31954	0.06866
73.35663	0.04936
73.39372	0.03779
73.43080	0.04330
73.46789	0.06378
73.50497	0.08606
73.54206	0.10725
73.57915	0.12644
73.61623	0.14319
73.65332	0.15727
73.69041	0.16856
73.72749	0.17695
73.76458	0.18236
73.80166	0.18467
73.83875	0.18375
73.87584	0.17949
73.91292	0.17186
73.95001	0.16091
73.98710	0.14686
74.02418	0.13005
74.06127	0.11103
74.09835	0.09061
74.13544	0.07040
74.17253	0.05606
74.20961	0.05454
74.24670	0.05777
74.28379	0.06177
74.32087	0.06621
74.35796	0.07227
74.39504	0.08102
74.43213	0.09041
74.46922	0.09855
74.50630	0.10496
74.54339	0.10979
74.58048	0.11354
74.61756	0.11694
74.65465	0.12098
74.69173	0.12678
74.72882	0.13548
74.76591	0.14787
74.80299	0.16402
74.84008	0.18332
74.87717	0.20473
74.91425	0.22712
74.95134	0.24939
74.98842	0.27051
75.02551	0.28949
75.06260	0.30545
75.09968	0.31756
75.13677	0.32514
75.17386	0.32769
75.21094	0.32491
75.24803	0.31682
75.28511	0.30372
75.32220	0.28626
75.35929	0.26540
75.39637	0.24242
75.43346	0.21889
75.47055	0.19694
75.50763	0.18021
75.54472	0.17468
75.58180	0.18103
75.61889	0.19391
75.65598	0.21024
75.69306	0.22876
75.73015	0.24879
75.76724	0.26981
75.80432	0.29136
75.84141	0.31292
75.87850	0.33383
75.91558	0.35328
75.95267	0.37039
75.98975	0.38427
76.02684	0.39414
76.06393	0.39945
76.10101	0.39997
76.13810	0.39578
76.17519	0.38732
76.21227	0.37530
76.24936	0.36065
76.28644	0.34439
76.32353	0.32757
76.36062	0.31112
76.39770	0.29586
76.43479	0.28238
76.47188	0.27108
76.50896	0.26215
76.54605	0.25557
76.58313	0.25110
76.62022	0.24837
76.65731	0.24689
76.69439	0.24621
76.73148	0.24595
76.76857	0.24610
76.80565	0.24745
76.84274	0.25212
76.87982	0.26181
76.91691	0.27476
76.95400	0.28826
76.99108	0.30080
77.02817	0.31159
77.06526	0.32017
77.10234	0.32624
77.13943	0.32963
77.17651	0.33038
77.21360	0.32873
77.25069	0.32520
77.28777	0.32054
77.32486	0.31569
77.36195	0.31153
77.39903	0.30868
77.43612	0.30724
77.47320	0.30678
77.51029	0.30659
77.54738	0.30585
77.58446	0.30395
77.62155	0.30058
77.65864	0.29580
77.69572	0.29008
77.73281	0.28413
77.76989	0.27869
77.80698	0.27417
77.84407	0.27049
77.88115	0.26732
77.91824	0.26428
77.95533	0.26120
77.99241	0.25813
78.02950	0.25536
78.06658	0.25364
78.10367	0.25524
78.14076	0.26620
78.17784	0.28914
78.21493	0.31626
78.25202	0.34267
78.28910	0.36676
78.32619	0.38783
78.36327	0.40551
78.40036	0.41946
78.43745	0.42941
78.47453	0.43514
78.51162	0.43657
78.54871	0.43375
78.58579	0.42693
78.62288	0.41656
78.65996	0.40327
78.69705	0.38783
78.73414	0.37104
78.77122	0.35368
78.80831	0.33639
78.84540	0.31960
78.88248	0.30350
78.91957	0.28803
78.95665	0.27292
78.99374	0.25787
79.03083	0.24259
79.06791	0.22695
79.10500	0.21103
79.14209	0.19508
79.17917	0.17949
79.21626	0.16473
79.25334	0.15120
79.29043	0.13927
79.32752	0.12922
79.36460	0.12140
79.40169	0.11632
79.43878	0.11464
79.47586	0.11667
79.51295	0.12159
79.55004	0.12792
79.58712	0.13439
79.62421	0.14016
79.66129	0.14465
79.69838	0.14745
79.73547	0.14831
79.77255	0.14709
79.80964	0.14383
79.84673	0.13869
79.88381	0.13198
79.92090	0.12422
79.95798	0.11624
79.99507	0.11078
80.03216	0.11461
80.06924	0.12266
80.10633	0.13036
80.14342	0.13727
80.18050	0.14365
80.21759	0.14990
80.25467	0.15643
80.29176	0.16356
80.32885	0.17143
80.36593	0.17999
80.40302	0.18902
80.44011	0.19805
80.47719	0.20650
80.51428	0.21366
80.55136	0.21886
80.58845	0.22154
80.62554	0.22132
80.66262	0.21802
80.69971	0.21164
80.73680	0.20238
80.77388	0.19058
80.81097	0.17667
80.84805	0.16117
80.88514	0.14463
80.92223	0.12760
80.95931	0.11061
80.99640	0.09421
81.03349	0.07929
81.07057	0.07255
81.10766	0.08185
81.14474	0.09238
81.18183	0.10182
81.21892	0.10973
81.25600	0.11583
81.29309	0.11997
81.33018	0.12203
81.36726	0.12205
81.40435	0.12015
81.44143	0.11658
81.47852	0.11169
81.51561	0.10592
81.55269	0.09978
81.58978	0.09380
81.62687	0.08848
81.66395	0.08429
81.70104	0.08163
81.73812	0.08079
81.77521	0.08191
81.81230	0.08481
81.84938	0.08897
81.88647	0.09374
81.92356	0.09849
81.96064	0.10270
81.99773	0.10601
82.03481	0.10824
82.07190	0.10933
82.10899	0.10935
82.14607	0.10846
82.18316	0.10692
82.22025	0.10498
82.25733	0.10292
82.29442	0.10091
82.33150	0.09907
82.36859	0.09741
82.40568	0.09585
82.44276	0.09428
82.47985	0.09260
82.51694	0.09072
82.55402	0.08865
82.59111	0.08651
82.62819	0.08452
82.66528	0.08297
82.70237	0.08218
82.73945	0.08225
82.77654	0.08298
82.81363	0.08392
82.85071	0.08460
82.88780	0.08466
82.92489	0.08387
82.96197	0.08221
82.99906	0.07981
83.03614	0.07695
83.07323	0.07403
83.11032	0.07153
83.14740	0.06991
83.18449	0.06945
83.22158	0.07017
83.25866	0.07181
83.29575	0.07398
83.33283	0.07623
83.36992	0.07819
83.40701	0.07958
83.44409	0.08025
83.48118	0.08013
83.51827	0.07925
83.55535	0.07767
83.59244	0.07552
83.62952	0.07294
83.66661	0.07005
83.70370	0.06697
83.74078	0.06377
83.77787	0.06050
83.81496	0.05721
83.85204	0.05403
83.88913	0.05119
83.92621	0.04902
83.96330	0.04779
84.00039	0.04761
84.03747	0.04833
84.07456	0.04975
84.11165	0.05177
84.14873	0.05459
84.18582	0.05858
84.22290	0.06356
84.25999	0.06866
84.29708	0.07308
84.33416	0.07638
84.37125	0.07834
84.40834	0.07888
84.44542	0.07804
84.48251	0.07592
84.51959	0.07268
84.55668	0.06852
84.59377	0.06365
84.63085	0.05832
84.66794	0.05276
84.70503	0.04724
84.74211	0.04200
84.77920	0.03730
84.81628	0.03344
84.85337	0.03080
84.89046	0.02987
84.92754	0.03108
84.96463	0.03451
85.00172	0.03979
85.03880	0.04639
85.07589	0.05388
85.11297	0.06193
85.15006	0.07027
85.18715	0.07863
85.22423	0.08677
85.26132	0.09444
85.29841	0.10139
85.33549	0.10744
85.37258	0.11243
85.40966	0.11622
85.44675	0.11875
85.48384	0.11997
85.52092	0.11988
85.55801	0.11847
85.59510	0.11578
85.63218	0.11193
85.66927	0.10720
85.70635	0.10263
85.74344	0.10100
85.78053	0.10329
85.81761	0.10673
85.85470	0.10986
85.89179	0.11225
85.92887	0.11378
85.96596	0.11442
86.00304	0.11420
86.04013	0.11313
86.07722	0.11125
86.11430	0.10861
86.15139	0.10531
86.18848	0.10157
86.22556	0.09802
86.26265	0.09656
86.29974	0.09955
86.33682	0.10509
86.37391	0.11094
86.41099	0.11630
86.44808	0.12091
86.48517	0.12461
86.52225	0.12728
86.55934	0.12884
86.59643	0.12926
86.63351	0.12852
86.67060	0.12665
86.70768	0.12368
86.74477	0.11973
86.78186	0.11491
86.81894	0.10939
86.85603	0.10342
86.89312	0.09731
86.93020	0.09151
86.96729	0.08656
87.00437	0.08305
87.04146	0.08145
87.07855	0.08194
87.11563	0.08432
87.15272	0.08815
87.18981	0.09291
87.22689	0.09810
87.26398	0.10328
87.30106	0.10809
87.33815	0.11228
87.37524	0.11570
87.41232	0.11829
87.44941	0.12010
87.48650	0.12126
87.52358	0.12192
87.56067	0.12234
87.59775	0.12291
87.63484	0.12470
87.67193	0.13036
87.70901	0.13971
87.74610	0.14935
87.78319	0.15792
87.82027	0.16506
87.85736	0.17072
87.89444	0.17498
87.93153	0.17796
87.96862	0.17983
88.00570	0.18069
88.04279	0.18060
88.07988	0.17952
88.11696	0.17735
88.15405	0.17388
88.19113	0.16888
88.22822	0.16213
88.26531	0.15345
88.30239	0.14278
88.33948	0.13024
88.37657	0.11625
88.41365	0.10174
88.45074	0.08855
88.48782	0.07933
88.52491	0.07611
88.56200	0.07899
88.59908	0.08745
88.63617	0.10094
88.67326	0.11810
88.71034	0.13687
88.74743	0.15539
88.78451	0.17231
88.82160	0.18672
88.85869	0.19797
88.89577	0.20566
88.93286	0.20960
88.96995	0.20979
89.00703	0.20643
89.04412	0.19986
89.08120	0.19054
89.11829	0.17902
89.15538	0.16591
89.19246	0.15187
89.22955	0.13762
89.26664	0.12403
89.30372	0.11206
89.34081	0.10244
89.37789	0.09529
89.41498	0.09042
89.45207	0.08774
89.48915	0.08741
89.52624	0.08969
89.56333	0.09451
89.60041	0.10117
89.63750	0.10851
89.67459	0.11543
89.71167	0.12113
89.74876	0.12517
89.78584	0.12736
89.82293	0.12771
89.86002	0.12637
89.89710	0.12354
89.93419	0.11948
89.97128	0.11445
90.00836	0.10872
90.04545	0.10255
90.08253	0.09622
90.11962	0.09003
90.15671	0.08431
90.19379	0.07938
90.23088	0.07553
90.26797	0.07293
90.30505	0.07161
90.34214	0.07149
90.37922	0.07237
90.41631	0.07404
90.45340	0.07625
90.49048	0.07880
90.52757	0.08155
90.56466	0.08441
90.60174	0.08739
90.63883	0.09056
90.67591	0.09403
90.71300	0.09791
90.75009	0.10224
90.78717	0.10699
90.82426	0.11198
90.86135	0.11692
90.89843	0.12147
90.93552	0.12530
90.97260	0.12821
91.00969	0.13012
91.04678	0.13113
91.08386	0.13136
91.12095	0.13083
91.15804	0.12941
91.19512	0.12688
91.23221	0.12301
91.26929	0.11762
91.30638	0.11056
91.34347	0.10175
91.38055	0.09114
91.41764	0.07880
91.45473	0.06510
91.49181	0.05112
91.52890	0.04028
91.56598	0.03748
91.60307	0.04326
91.64016	0.05621
91.67724	0.07265
91.71433	0.08956
91.75142	0.10532
91.78850	0.11901
91.82559	0.13020
91.86267	0.13884
91.89976	0.14526
91.93685	0.15010
91.97393	0.15418
92.01102	0.15827
92.04811	0.16279
92.08519	0.16770
92.12228	0.17257
92.15936	0.17669
92.19645	0.17924
92.23354	0.17947
92.27062	0.17678
92.30771	0.17092
92.34480	0.16207
92.38188	0.15094
92.41897	0.13886
92.45605	0.12756
92.49314	0.11877
92.53023	0.11377
92.56731	0.11374
92.60440	0.12051
92.64149	0.13492
92.67857	0.15408
92.71566	0.17450
92.75274	0.19425
92.78983	0.21249
92.82692	0.22898
92.86400	0.24383
92.90109	0.25740
92.93818	0.27021
92.97526	0.28289
93.01235	0.29608
93.04943	0.31037
93.08652	0.32627
93.12361	0.34409
93.16069	0.36395
93.19778	0.38576
93.23487	0.40920
93.27195	0.43376
93.30904	0.45876
93.34613	0.48341
93.38321	0.50681
93.42030	0.52808
93.45738	0.54636
93.49447	0.56095
93.53156	0.57133
93.56864	0.57724
93.60573	0.57876
93.64282	0.57621
93.67990	0.57025
93.71699	0.56168
93.75407	0.55145
93.79116	0.54046
93.82825	0.52950
93.86533	0.51919
93.90242	0.50989
93.93951	0.50175
93.97659	0.49475
94.01368	0.48880
94.05076	0.48373
94.08785	0.47937
94.12494	0.47552
94.16202	0.47194
94.19911	0.46832
94.23620	0.46429
94.27328	0.45946
94.31037	0.45347
94.34745	0.44607
94.38454	0.43723
94.42163	0.42711
94.45871	0.41613
94.49580	0.40490
94.53289	0.39413
94.56997	0.38444
94.60706	0.37629
94.64414	0.36982
94.68123	0.36484
94.71832	0.36094
94.75540	0.35758
94.79249	0.35431
94.82958	0.35086
94.86666	0.34721
94.90375	0.34356
94.94083	0.34022
94.97792	0.33743
95.01501	0.33526
95.05209	0.33355
95.08918	0.33193
95.12627	0.32994
95.16335	0.32712
95.20044	0.32311
95.23752	0.31770
95.27461	0.31082
95.31170	0.30265
95.34878	0.29351
95.38587	0.28399
95.42296	0.27481
95.46004	0.26674
95.49713	0.26033
95.53421	0.25578
95.57130	0.25294
95.60839	0.25164
95.64547	0.25176
95.68256	0.25337
95.71965	0.25664
95.75673	0.26181
95.79382	0.26910
95.83090	0.27855
95.86799	0.28997
95.90508	0.30293
95.94216	0.31683
95.97925	0.33097
96.01634	0.34459
96.05342	0.35697
96.09051	0.36745
96.12759	0.37544
96.16468	0.38048
96.20177	0.38221
96.23885	0.38044
96.27594	0.37510
96.31303	0.36623
96.35011	0.35398
96.38720	0.33856
96.42428	0.32026
96.46137	0.29940
96.49846	0.27637
96.53554	0.25158
96.57263	0.22552
96.60972	0.19877
96.64680	0.17200
96.68389	0.14608
96.72098	0.12220
96.75806	0.10220
96.79515	0.08878
96.83223	0.08423
96.86932	0.08768
96.90641	0.09620
96.94349	0.10719
96.98058	0.11876
97.01767	0.12956
97.05475	0.13866
97.09184	0.14541
97.12892	0.14945
97.16601	0.15060
97.20310	0.14894
97.24018	0.14479
97.27727	0.13873
97.31436	0.13159
97.35144	0.12446
97.38853	0.11860
97.42561	0.11552
97.46270	0.11675
97.49979	0.12295
97.53687	0.13299
97.57396	0.14472
97.61105	0.15621
97.64813	0.16610
97.68522	0.17353
97.72230	0.17800
97.75939	0.17930
97.79648	0.17746
97.83356	0.17268
97.87065	0.16530
97.90774	0.15577
97.94482	0.14459
97.98191	0.13234
98.01899	0.11964
98.05608	0.10728
98.09317	0.09634
98.13025	0.08864
98.16734	0.08658
98.20443	0.09084
98.24151	0.09928
98.27860	0.10958
98.31568	0.12026
98.35277	0.13038
98.38986	0.13929
98.42694	0.14654
98.46403	0.15185
98.50112	0.15508
98.53820	0.15623
98.57529	0.15538
98.61237	0.15272
98.64946	0.14844
98.68655	0.14278
98.72363	0.13597
98.76072	0.12829
98.79781	0.12004
98.83489	0.11164
98.87198	0.10389
98.90906	0.09994
98.94615	0.10030
98.98324	0.10040
99.02032	0.09942
99.05741	0.09721
99.09450	0.09373
99.13158	0.08927
99.16867	0.08880
99.20575	0.09432
99.24284	0.10104
99.27993	0.10796
99.31701	0.11449
99.35410	0.12021
99.39119	0.12478
99.42827	0.12801
99.46536	0.12979
99.50244	0.13012
99.53953	0.12908
99.57662	0.12681
99.61370	0.12347
99.65079	0.11917
99.68788	0.11399
99.72496	0.10802
99.76205	0.10152
99.79913	0.09519
99.83622	0.09005
99.87331	0.08693
99.91039	0.08633
99.94748	0.08856
99.98457	0.09381
100.02165	0.10192
100.05874	0.11219
100.09583	0.12357
100.13291	0.13495
100.17000	0.14541
100.20708	0.15427
100.24417	0.16113
100.28126	0.16577
100.31834	0.16818
100.35543	0.16843
100.39252	0.16668
100.42960	0.16310
100.46669	0.15788
100.50377	0.15123
100.54086	0.14353
100.57795	0.13605
100.61503	0.13232
100.65212	0.13238
100.68921	0.13252
100.72629	0.13136
100.76338	0.12855
100.80046	0.12408
100.83755	0.11809
100.87464	0.11091
100.91172	0.10296
100.94881	0.09478
100.98590	0.08695
101.02298	0.08007
101.06007	0.07469
101.09715	0.07131
101.13424	0.07026
101.17133	0.07157
101.20841	0.07495
101.24550	0.07984
101.28259	0.08560
101.31967	0.09158
101.35676	0.09722
101.39384	0.10201
101.43093	0.10559
101.46802	0.10768
101.50510	0.10810
101.54219	0.10674
101.57928	0.10357
101.61636	0.09861
101.65345	0.09198
101.69053	0.08388
101.72762	0.07479
101.76471	0.06623
101.80179	0.06373
101.83888	0.06955
101.87597	0.07821
101.91305	0.08756
101.95014	0.09683
101.98722	0.10549
102.02431	0.11316
102.06140	0.11953
102.09848	0.12443
102.13557	0.12784
102.17266	0.13001
102.20974	0.13151
102.24683	0.13329
102.28391	0.13629
102.32100	0.14066
102.35809	0.14587
102.39517	0.15125
102.43226	0.15635
102.46935	0.16084
102.50643	0.16453
102.54352	0.16732
102.58060	0.16925
102.61769	0.17046
102.65478	0.17123
102.69186	0.17196
102.72895	0.17304
102.76604	0.17477
102.80312	0.17724
102.84021	0.18028
102.87729	0.18345
102.91438	0.18615
102.95147	0.18769
102.98855	0.18734
103.02564	0.18442
103.06273	0.17830
103.09981	0.16848
103.13690	0.15458
103.17398	0.13684
103.21107	0.12793
103.24816	0.12368
103.28524	0.11682
103.32233	0.10784
103.35942	0.09822
103.39650	0.09395
103.43359	0.11336
103.47068	0.14937
103.50776	0.18811
103.54485	0.22613
103.58193	0.26202
103.61902	0.29489
103.65611	0.32402
103.69319	0.34886
103.73028	0.36894
103.76737	0.38385
103.80445	0.39327
103.84154	0.39688
103.87862	0.39448
103.91571	0.38593
103.95280	0.37120
103.98988	0.35051
104.02697	0.32445
104.06406	0.29546
104.10114	0.28824
104.13823	0.34030
104.17531	0.40400
104.21240	0.46877
104.24949	0.53156
104.28657	0.59004
104.32366	0.64216
104.36075	0.68621
104.39783	0.72087
104.43492	0.74532
104.47200	0.75924
104.50909	0.76278
104.54618	0.75647
104.58326	0.74109
104.62035	0.71761
104.65744	0.68722
104.69452	0.65156
104.73161	0.61390
104.76869	0.58447
104.80578	0.59753
104.84287	0.66685
104.87995	0.75334
104.91704	0.83914
104.95413	0.91846
104.99121	0.98878
105.02830	1.04917
105.06538	1.09996
105.10247	1.14271
105.13956	1.18025
105.17664	1.21647
105.21373	1.25589
105.25082	1.30258
105.28790	1.35888
105.32499	1.42435
105.36207	1.49577
105.39916	1.56802
105.43625	1.63518
105.47333	1.69141
105.51042	1.73144
105.54751	1.75091
105.58459	1.74655
105.62168	1.71629
105.65876	1.65933
105.69585	1.57615
105.73294	1.46841
105.77002	1.33889
105.80711	1.19149
105.84420	1.03145
105.88128	0.86728
105.91837	0.72026
105.95545	0.62521
105.99254	0.55967
106.02963	0.49828
106.06671	0.44109
106.10380	0.40869
106.14089	0.44588
106.17797	0.53283
106.21506	0.62261
106.25214	0.69969
106.28923	0.75957
106.32632	0.80090
106.36340	0.82374
106.40049	0.82907
106.43758	0.81857
106.47466	0.79442
106.51175	0.75918
106.54883	0.71543
106.58592	0.66559
106.62301	0.61165
106.66009	0.55525
106.69718	0.49790
106.73427	0.44128
106.77135	0.38753
106.80844	0.33914
106.84553	0.29849
106.88261	0.26675
106.91970	0.24346
106.95678	0.22763
106.99387	0.22008
107.03096	0.22130
107.06804	0.22615
107.10513	0.22856
107.14222	0.22539
107.17930	0.21553
107.21639	0.19893
107.25347	0.17621
107.29056	0.14856
107.32765	0.14962
107.36473	0.18272
107.40182	0.21156
107.43891	0.23502
107.47599	0.25245
107.51308	0.26342
107.55016	0.26785
107.58725	0.26591
107.62434	0.25811
107.66142	0.24531
107.69851	0.22881
107.73560	0.21049
107.77268	0.19287
107.80977	0.17839
107.84685	0.16767
107.88394	0.15963
107.92103	0.15309
107.95811	0.14718
107.99520	0.14112
108.03229	0.13411
108.06937	0.12548
108.10646	0.11489
108.14354	0.10296
108.18063	0.09519
108.21772	0.10258
108.25480	0.11602
108.29189	0.12942
108.32898	0.14129
108.36606	0.15084
108.40315	0.15758
108.44023	0.16114
108.47732	0.16146
108.51441	0.15931
108.55149	0.15808
108.58858	0.16266
108.62567	0.16980
108.66275	0.17559
108.69984	0.17910
108.73692	0.18075
108.77401	0.18180
108.81110	0.18396
108.84818	0.18880
108.88527	0.19681
108.92236	0.20701
108.95944	0.21756
108.99653	0.22664
109.03361	0.23282
109.07070	0.23513
109.10779	0.23298
109.14487	0.22615
109.18196	0.21473
109.21905	0.19922
109.25613	0.18058
109.29322	0.16042
109.33030	0.14144
109.36739	0.12822
109.40448	0.12565
109.44156	0.13316
109.47865	0.14711
109.51574	0.16420
109.55282	0.18162
109.58991	0.19725
109.62699	0.20970
109.66408	0.21820
109.70117	0.22262
109.73825	0.22321
109.77534	0.22068
109.81243	0.21600
109.84951	0.21026
109.88660	0.20453
109.92368	0.19961
109.96077	0.19585
109.99786	0.19306
110.03494	0.19062
110.07203	0.18772
110.10912	0.18353
110.14620	0.17742
110.18329	0.16898
110.22037	0.15803
110.25746	0.14466
110.29455	0.12919
110.33163	0.11216
110.36872	0.09447
110.40581	0.07759
110.44289	0.06433
110.47998	0.05915
110.51707	0.06388
110.55415	0.07533
110.59124	0.09034
110.62832	0.10723
110.66541	0.12514
110.70250	0.14339
110.73958	0.16130
110.77667	0.17818
110.81376	0.19345
110.85084	0.20673
110.88793	0.21794
110.92501	0.22725
110.96210	0.23505
110.99919	0.24189
111.03627	0.24836
111.07336	0.25503
111.11045	0.26227
111.14753	0.27029
111.18462	0.27898
111.22170	0.28802
111.25879	0.29687
111.29588	0.30484
111.33296	0.31121
111.37005	0.31528
111.40714	0.31640
111.44422	0.31408
111.48131	0.30799
111.51839	0.29803
111.55548	0.28440
111.59257	0.26757
111.62965	0.24837
111.66674	0.22800
111.70383	0.20806
111.74091	0.19051
111.77800	0.17745
111.81508	0.17057
111.85217	0.17063
111.88926	0.17738
111.92634	0.19000
111.96343	0.20745
112.00052	0.22862
112.03760	0.25234
112.07469	0.27737
112.11177	0.30237
112.14886	0.32594
112.18595	0.34668
112.22303	0.36326
112.26012	0.37456
112.29721	0.37973
112.33429	0.37831
112.37138	0.37032
112.40846	0.35632
112.44555	0.33747
112.48264	0.31560
112.51972	0.29310
112.55681	0.27260
112.59390	0.25642
112.63098	0.24578
112.66807	0.24053
112.70515	0.23947
112.74224	0.24059
112.77933	0.24094
112.81641	0.23670
112.85350	0.22427
112.89059	0.20172
112.92767	0.17126
112.96476	0.14165
113.00184	0.11704
113.03893	0.11143
113.07602	0.17316
113.11310	0.27064
113.15019	0.37820
113.18728	0.48825
113.22436	0.59538
113.26145	0.69468
113.29853	0.78173
113.33562	0.85286
113.37271	0.90537
113.40979	0.93762
113.44688	0.94917
113.48397	0.94058
113.52105	0.91326
113.55814	0.86924
113.59522	0.81090
113.63231	0.74087
113.66940	0.66218
113.70648	0.57889
113.74357	0.49766
113.78066	0.43025
113.81774	0.39126
113.85483	0.38709
113.89192	0.41670
113.92900	0.47503
113.96609	0.55095
114.00317	0.63188
114.04026	0.70794
114.07735	0.77243
114.11443	0.82124
114.15152	0.85231
114.18861	0.86536
114.22569	0.86155
114.26278	0.84306
114.29986	0.81256
114.33695	0.77266
114.37404	0.72538
114.41112	0.67184
114.44821	0.61232
114.48530	0.54657
114.52238	0.47436
114.55947	0.39617
114.59655	0.31404
114.63364	0.23349
114.67073	0.16775
114.70781	0.13744
114.74490	0.16290
114.78199	0.23676
114.81907	0.30570
114.85616	0.36112
114.89324	0.39748
114.93033	0.41097
114.96742	0.39941
115.00450	0.36263
115.04159	0.30509
115.07868	0.25351
115.11576	0.22477
115.15285	0.20514
115.18993	0.23209
115.22702	0.34292
115.26411	0.47929
115.30119	0.61925
115.33828	0.75726
115.37537	0.89140
115.41245	1.02147
115.44954	1.14835
115.48662	1.27366
115.52371	1.39947
115.56080	1.52805
115.59788	1.66146
115.63497	1.80117
115.67206	1.94746
115.70914	2.09888
115.74623	2.25199
115.78331	2.40137
115.82040	2.53996
115.85749	2.65977
115.89457	2.75262
115.93166	2.81096
115.96875	2.82851
116.00583	2.80084
116.04292	2.72589
116.08000	2.60451
116.11709	2.44171
116.15418	2.24884
116.19126	2.04803
116.22835	1.87915
116.26544	1.80423
116.30252	1.88795
116.33961	2.14747
116.37669	2.53899
116.41378	2.99641
116.45087	3.45642
116.48795	3.86421
116.52504	4.17856
116.56213	4.38515
116.59921	4.52385
116.63630	4.73007
116.67338	5.25460
116.71047	6.36946
116.74756	8.20240
116.78464	10.72062
116.82173	13.81875
116.85882	17.36620
116.89590	21.21563
116.93299	25.20311
116.97007	29.15041
117.00716	32.87109
117.04425	36.17914
117.08133	38.89944
117.11842	40.87873
117.15551	41.99587
117.19259	42.17068
117.22968	41.37007
117.26677	39.61113
117.30385	36.96073
117.34094	33.53230
117.37802	29.48018
117.41511	24.99501
117.45220	20.30477
117.48928	15.69679
117.52637	11.60179
117.56346	8.81519
117.60054	8.46311
117.63763	10.50885
117.67471	13.80309
117.71180	17.79191
117.74889	22.55105
117.78597	28.45676
117.82306	35.97366
117.86015	45.50175
117.89723	57.28326
117.93432	71.36835
117.97140	87.61507
118.00849	105.70201
118.04558	125.14589
118.08266	145.32487
118.11975	165.50964
118.15684	184.90247
118.19392	202.68381
118.23101	218.06247
118.26809	230.32701
118.30518	238.89311
118.34227	243.34378
118.37935	243.45831
118.41644	239.22772
118.45353	230.85547
118.49061	218.74319
118.52770	203.46278
118.56478	185.71783
118.60187	166.29669
118.63896	146.02287
118.67604	125.70502
118.71313	106.09210
118.75022	87.83521
118.78730	71.45795
118.82439	57.33285
118.86147	45.65926
118.89856	36.43587
118.93565	29.43370
118.97273	24.20318
119.00982	20.16592
119.04691	16.78257
119.08399	13.71610
119.12108	10.95414
119.15816	8.95860
119.19525	8.67104
119.23234	10.48909
119.26942	13.63212
119.30651	17.26888
119.34360	20.90918
119.38068	24.25326
119.41777	27.09457
119.45485	29.28564
119.49194	30.72849
119.52903	31.37230
119.56611	31.21243
119.60320	30.28804
119.64029	28.67757
119.67737	26.49230
119.71446	23.86824
119.75154	20.95727
119.78863	17.91845
119.82572	14.91018
119.86280	12.08446
119.89989	9.58296
119.93698	7.53283
119.97406	6.03048
120.01115	5.09619
120.04823	4.62014
120.08532	4.39238
120.12241	4.21571
120.15949	3.97395
120.19658	3.62570
120.23367	3.17561
120.27075	2.65139
120.30784	2.08986
120.34492	1.52983
120.38201	1.01220
120.41910	0.59678
120.45618	0.38914
120.49327	0.51056
120.53036	0.74925
120.56744	0.92993
120.60453	1.04218
120.64162	1.08806
120.67870	1.07479
120.71579	1.01281
120.75287	0.91532
120.78996	0.79852
120.82705	0.68296
120.86413	0.59605
120.90122	0.56732
120.93831	0.60022
120.97539	0.66899
121.01248	0.74799
121.04956	0.82008
121.08665	0.87477
121.12374	0.90618
121.16082	0.91151
121.19791	0.89006
121.23500	0.84259
121.27208	0.77097
121.30917	0.67792
121.34625	0.56693
121.38334	0.44246
121.42043	0.31060
121.45751	0.18200
121.49460	0.11690
121.53169	0.21454
121.56877	0.33564
121.60586	0.45460
121.64294	0.56196
121.68003	0.65285
121.71712	0.72470
121.75420	0.77645
121.79129	0.80818
121.82838	0.82075
121.86546	0.81540
121.90255	0.79350
121.93963	0.75631
121.97672	0.70505
122.01381	0.64090
122.05089	0.56532
122.08798	0.48014
122.12507	0.38777
122.16215	0.29136
122.19924	0.19524
122.23632	0.13649
122.27341	0.13567
122.31050	0.17615
122.34758	0.24220
122.38467	0.31054
122.42176	0.37205
122.45884	0.42299
122.49593	0.46136
122.53301	0.48597
122.57010	0.49621
122.60719	0.49205
122.64427	0.47405
122.68136	0.44338
122.71845	0.40184
122.75553	0.35174
122.79262	0.29593
122.82970	0.23770
122.86679	0.18078
122.90388	0.12926
122.94096	0.08691
122.97805	0.05891
123.01514	0.08274
123.05222	0.10532
123.08931	0.11910
123.12639	0.12340
123.16348	0.11930
123.20057	0.11030
123.23765	0.10568
123.27474	0.12157
123.31183	0.15623
123.34891	0.19988
123.38600	0.24719
123.42308	0.29450
123.46017	0.33879
123.49726	0.37756
123.53434	0.40884
123.57143	0.43115
123.60852	0.44359
123.64560	0.44577
123.68269	0.43782
123.71977	0.42031
123.75686	0.39421
123.79395	0.36075
123.83103	0.32141
123.86812	0.27794
123.90521	0.23263
123.94229	0.18998
123.97938	0.16072
124.01646	0.15134
124.05355	0.15135
124.09064	0.15439
124.12772	0.15911
124.16481	0.16735
124.20190	0.18771
124.23898	0.21943
124.27607	0.25214
124.31316	0.28276
124.35024	0.31033
124.38733	0.33411
124.42441	0.35328
124.46150	0.36697
124.49859	0.37437
124.53567	0.37488
124.57276	0.36825
124.60985	0.35464
124.64693	0.33466
124.68402	0.30935
124.72110	0.28016
124.75819	0.24895
124.79528	0.21816
124.83236	0.19116
124.86945	0.17258
124.90654	0.16625
124.94362	0.17088
124.98071	0.18156
125.01779	0.19424
125.05488	0.20635
125.09197	0.21621
125.12905	0.22281
125.16614	0.22560
125.20323	0.22451
125.24031	0.21988
125.27740	0.21238
125.31448	0.20290
125.35157	0.19244
125.38866	0.18198
125.42574	0.17226
125.46283	0.16377
125.49992	0.15669
125.53700	0.15117
125.57409	0.14759
125.61117	0.14662
125.64826	0.14804
125.68535	0.15055
125.72243	0.15293
125.75952	0.15446
125.79661	0.15476
125.83369	0.15363
125.87078	0.15098
125.90786	0.14682
125.94495	0.14122
125.98204	0.13436
126.01912	0.12647
126.05621	0.11786
126.09330	0.10888
126.13038	0.09994
126.16747	0.09142
126.20455	0.08371
126.24164	0.07715
126.27873	0.07196
126.31581	0.06825
126.35290	0.06602
126.38999	0.06528
126.42707	0.06679
126.46416	0.07401
126.50124	0.08504
126.53833	0.09638
126.57542	0.10692
126.61250	0.11599
126.64959	0.12310
126.68668	0.12786
126.72376	0.13004
126.76085	0.12957
126.79793	0.12659
126.83502	0.12136
126.87211	0.11436
126.90919	0.10642
126.94628	0.09965
126.98337	0.10064
127.02045	0.11209
127.05754	0.12573
127.09462	0.13778
127.13171	0.14706
127.16880	0.15309
127.20588	0.15575
127.24297	0.15517
127.28006	0.15179
127.31714	0.14629
127.35423	0.13958
127.39131	0.13273
127.42840	0.12669
127.46549	0.12208
127.50257	0.11902
127.53966	0.11726
127.57675	0.11638
127.61383	0.11598
127.65092	0.11567
127.68801	0.11513
127.72509	0.11409
127.76218	0.11253
127.79926	0.11067
127.83635	0.10903
127.87344	0.10814
127.91052	0.10823
127.94761	0.10916
127.98470	0.11054
128.02178	0.11196
128.05887	0.11303
128.09595	0.11343
128.13304	0.11288
128.17013	0.11121
128.20721	0.10834
128.24430	0.10430
128.28139	0.09921
128.31847	0.09330
128.35556	0.08682
128.39264	0.08006
128.42973	0.07327
128.46682	0.06662
128.50390	0.06031
128.54099	0.05453
128.57808	0.04951
128.61516	0.04563
128.65225	0.04383
128.68933	0.04651
128.72642	0.05405
128.76351	0.06396
128.80059	0.07523
128.83768	0.08755
128.87477	0.10071
128.91185	0.11437
128.94894	0.12813
128.98602	0.14150
129.02311	0.15400
129.06020	0.16519
129.09728	0.17470
129.13437	0.18225
129.17146	0.18773
129.20854	0.19114
129.24563	0.19262
129.28271	0.19250
129.31980	0.19120
129.35689	0.18925
129.39397	0.18724
129.43106	0.18568
129.46815	0.18488
129.50523	0.18476
129.54232	0.18491
129.57940	0.18483
129.61649	0.18402
129.65358	0.18215
129.69066	0.17901
129.72775	0.17445
129.76484	0.16840
129.80192	0.16082
129.83901	0.15170
129.87609	0.14106
129.91318	0.12898
129.95027	0.11560
129.98735	0.10118
130.02444	0.08615
130.06153	0.07139
130.09861	0.05950
130.13570	0.05651
130.17278	0.06132
130.20987	0.06845
130.24696	0.07632
130.28404	0.08460
130.32113	0.09307
130.35822	0.10148
130.39530	0.10949
130.43239	0.11683
130.46947	0.12329
130.50656	0.12876
130.54365	0.13316
130.58073	0.13648
130.61782	0.13870
130.65491	0.13981
130.69199	0.13984
130.72908	0.13880
130.76616	0.13673
130.80325	0.13371
130.84034	0.12988
130.87742	0.12548
130.91451	0.12083
130.95160	0.11626
130.98868	0.11202
131.02577	0.10817
131.06286	0.10459
131.09994	0.10103
131.13703	0.09722
131.17411	0.09293
131.21120	0.08801
131.24829	0.08237
131.28537	0.07599
131.32246	0.06887
131.35955	0.06113
131.39663	0.05318
131.43372	0.04805
131.47080	0.05247
131.50789	0.05851
131.54498	0.06328
131.58206	0.06613
131.61915	0.06674
131.65624	0.06503
131.69332	0.06113
131.73041	0.05547
131.76749	0.04890
131.80458	0.04337
131.84167	0.04262
131.87875	0.04761
131.91584	0.05626
131.95293	0.06731
131.99001	0.07974
132.02710	0.09262
132.06418	0.10516
132.10127	0.11675
132.13836	0.12689
132.17544	0.13517
132.21253	0.14126
132.24962	0.14490
132.28670	0.14593
132.32379	0.14429
132.36087	0.14009
132.39796	0.13362
132.43505	0.12541
132.47213	0.11625
132.50922	0.10713
132.54631	0.09915
132.58339	0.09335
132.62048	0.09049
132.65756	0.09082
132.69465	0.09379
132.73174	0.09812
132.76882	0.10226
132.80591	0.10480
132.84300	0.10473
132.88008	0.10146
132.91717	0.09479
132.95425	0.08506
132.99134	0.07438
133.02843	0.07304
133.06551	0.08745
133.10260	0.10733
133.13969	0.12894
133.17677	0.15081
133.21386	0.17180
133.25094	0.19088
133.28803	0.20714
133.32512	0.21981
133.36220	0.22838
133.39929	0.23270
133.43638	0.23310
133.47346	0.23035
133.51055	0.22532
133.54763	0.21840
133.58472	0.20964
133.62181	0.19952
133.65889	0.18954
133.69598	0.18288
133.73307	0.18438
133.77015	0.19804
133.80724	0.22281
133.84432	0.25374
133.88141	0.28592
133.91850	0.31583
133.95558	0.34101
133.99267	0.35980
134.02976	0.37108
134.06684	0.37425
134.10393	0.36918
134.14101	0.35621
134.17810	0.33606
134.21519	0.30982
134.25227	0.27886
134.28936	0.24476
134.32645	0.20930
134.36353	0.17461
134.40062	0.14411
134.43771	0.12583
134.47479	0.13098
134.51188	0.15159
134.54896	0.17504
134.58605	0.19649
134.62314	0.21413
134.66022	0.22711
134.69731	0.23508
134.73440	0.23805
134.77148	0.23630
134.80857	0.23044
134.84565	0.22131
134.88274	0.20999
134.91983	0.19760
134.95691	0.18518
134.99400	0.17349
135.03109	0.16291
135.06817	0.15350
135.10526	0.14510
135.14234	0.13744
135.17943	0.13027
135.21652	0.12343
135.25360	0.11699
135.29069	0.11126
135.32778	0.10664
135.36486	0.10341
135.40195	0.10169
135.43903	0.10153
135.47612	0.10302
135.51321	0.10623
135.55029	0.11117
135.58738	0.11766
135.62447	0.12541
135.66155	0.13418
135.69864	0.14381
135.73572	0.15431
135.77281	0.16550
135.80990	0.17691
135.84698	0.18783
135.88407	0.19750
135.92116	0.20540
135.95824	0.21122
135.99533	0.21501
136.03241	0.21711
136.06950	0.21813
136.10659	0.21888
136.14367	0.22021
136.18076	0.22284
136.21785	0.22713
136.25493	0.23304
136.29202	0.24013
136.32910	0.24772
136.36619	0.25506
136.40328	0.26145
136.44036	0.26633
136.47745	0.26928
136.51454	0.27005
136.55162	0.26854
136.58871	0.26476
136.62579	0.25884
136.66288	0.25098
136.69997	0.24147
136.73705	0.23063
136.77414	0.21881
136.81123	0.20636
136.84831	0.19358
136.88540	0.18075
136.92248	0.16805
136.95957	0.15561
136.99666	0.14354
137.03374	0.13195
137.07083	0.12096
137.10792	0.11073
137.14500	0.10149
137.18209	0.09343
137.21917	0.08674
137.25626	0.08156
137.29335	0.07800
137.33043	0.07623
137.36752	0.07645
137.40461	0.07861
137.44169	0.08212
137.47878	0.08614
137.51586	0.08993
137.55295	0.09292
137.59004	0.09473
137.62712	0.09511
137.66421	0.09398
137.70130	0.09149
137.73838	0.08822
137.77547	0.08558
137.81255	0.08625
137.84964	0.09181
137.88673	0.10036
137.92381	0.10946
137.96090	0.11774
137.99799	0.12447
138.03507	0.12921
138.07216	0.13171
138.10925	0.13181
138.14633	0.12942
138.18342	0.12451
138.22050	0.11711
138.25759	0.10729
138.29468	0.09520
138.33176	0.08113
138.36885	0.06594
138.40594	0.05307
138.44302	0.04578
138.48011	0.04060
138.51719	0.03782
138.55428	0.04616
138.59137	0.06518
138.62845	0.08555
138.66554	0.10532
138.70263	0.12381
138.73971	0.14059
138.77680	0.15531
138.81388	0.16774
138.85097	0.17772
138.88806	0.18514
138.92514	0.19000
138.96223	0.19229
138.99932	0.19207
139.03640	0.18940
139.07349	0.18434
139.11057	0.17700
139.14766	0.16757
139.18475	0.15630
139.22183	0.14357
139.25892	0.12991
139.29601	0.11598
139.33309	0.10263
139.37018	0.09096
139.40726	0.08221
139.44435	0.07739
139.48144	0.07651
139.51852	0.07861
139.55561	0.08260
139.59270	0.08767
139.62978	0.09331
139.66687	0.09914
139.70395	0.10498
139.74104	0.11070
139.77813	0.11628
139.81521	0.12172
139.85230	0.12711
139.88939	0.13256
139.92647	0.13821
139.96356	0.14423
140.00064	0.15073
140.03773	0.15777
140.07482	0.16528
140.11190	0.17308
140.14899	0.18088
140.18608	0.18828
140.22316	0.19480
140.26025	0.19997
140.29733	0.20334
140.33442	0.20451
140.37151	0.20322
140.40859	0.19937
140.44568	0.19301
140.48277	0.18441
140.51985	0.17406
140.55694	0.16264
140.59402	0.15099
140.63111	0.14005
140.66820	0.13060
140.70528	0.12316
140.74237	0.11784
140.77946	0.11452
140.81654	0.11305
140.85363	0.11338
140.89071	0.11560
140.92780	0.11974
140.96489	0.12572
141.00197	0.13330
141.03906	0.14219
141.07615	0.15210
141.11323	0.16268
141.15032	0.17351
141.18740	0.18405
141.22449	0.19375
141.26158	0.20205
141.29866	0.20847
141.33575	0.21265
141.37284	0.21436
141.40992	0.21356
141.44701	0.21036
141.48410	0.20504
141.52118	0.19799
141.55827	0.18976
141.59535	0.18102
141.63244	0.17277
141.66953	0.16731
141.70661	0.16989
141.74370	0.17943
141.78079	0.18992
141.81787	0.19926
141.85496	0.20679
141.89204	0.21228
141.92913	0.21563
141.96622	0.21687
142.00330	0.21608
142.04039	0.21344
142.07748	0.20914
142.11456	0.20344
142.15165	0.19661
142.18873	0.18901
142.22582	0.18109
142.26291	0.17353
142.29999	0.16730
142.33708	0.16314
142.37417	0.16069
142.41125	0.15878
142.44834	0.15637
142.48542	0.15285
142.52251	0.14791
142.55960	0.14148
142.59668	0.13365
142.63377	0.12467
142.67086	0.11494
142.70794	0.10505
142.74503	0.09569
142.78211	0.08768
142.81920	0.08186
142.85629	0.07907
142.89337	0.08011
142.93046	0.08538
142.96755	0.09421
143.00463	0.10509
143.04172	0.11665
143.07880	0.12788
143.11589	0.13808
143.15298	0.14672
143.19006	0.15336
143.22715	0.15768
143.26424	0.15945
143.30132	0.15854
143.33841	0.15496
143.37549	0.14885
143.41258	0.14050
143.44967	0.13045
143.48675	0.11967
143.52384	0.11043
143.56093	0.10677
143.59801	0.10964
143.63510	0.11569
143.67218	0.12254
143.70927	0.12890
143.74636	0.13393
143.78344	0.13696
143.82053	0.13753
143.85762	0.13532
143.89470	0.13020
143.93179	0.12221
143.96887	0.11176
144.00596	0.11020
144.04305	0.11849
144.08013	0.12486
144.11722	0.12891
144.15431	0.13052
144.19139	0.12968
144.22848	0.12644
144.26556	0.12095
144.30265	0.11344
144.33974	0.10432
144.37682	0.09445
144.41391	0.08610
144.45100	0.08307
144.48808	0.08369
144.52517	0.08446
144.56225	0.08453
144.59934	0.08416
144.63643	0.08410
144.67351	0.08530
144.71060	0.08844
144.74769	0.09336
144.78477	0.09904
144.82186	0.10435
144.85895	0.10848
144.89603	0.11099
144.93312	0.11174
144.97020	0.11087
145.00729	0.10871
145.04438	0.10584
145.08146	0.10293
145.11855	0.10069
145.15564	0.09973
145.19272	0.10040
145.22981	0.10270
145.26689	0.10636
145.30398	0.11094
145.34107	0.11600
145.37815	0.12119
145.41524	0.12631
145.45233	0.13132
145.48941	0.13628
145.52650	0.14133
145.56358	0.14659
145.60067	0.15211
145.63776	0.15780
145.67484	0.16342
145.71193	0.16860
145.74902	0.17292
145.78610	0.17594
145.82319	0.17729
145.86027	0.17669
145.89736	0.17400
145.93445	0.16919
145.97153	0.16243
146.00862	0.15404
146.04571	0.14467
146.08279	0.13556
146.11988	0.12949
146.15696	0.12975
146.19405	0.13411
146.23114	0.13859
146.26822	0.14135
146.30531	0.14160
146.34240	0.13893
146.37948	0.13313
146.41657	0.12418
146.45365	0.11223
146.49074	0.09781
146.52783	0.08236
146.56491	0.07115
146.60200	0.07180
146.63909	0.07998
146.67617	0.09239
146.71326	0.10839
146.75034	0.12715
146.78743	0.14732
146.82452	0.16736
146.86160	0.18600
146.89869	0.20227
146.93578	0.21555
146.97286	0.22546
147.00995	0.23192
147.04703	0.23505
147.08412	0.23522
147.12121	0.23294
147.15829	0.22886
147.19538	0.22367
147.23247	0.21802
147.26955	0.21245
147.30664	0.20732
147.34372	0.20274
147.38081	0.19862
147.41790	0.19471
147.45498	0.19067
147.49207	0.18613
147.52916	0.18081
147.56624	0.17451
147.60333	0.16719
147.64041	0.15892
147.67750	0.14990
147.71459	0.14046
147.75167	0.13102
147.78876	0.12213
147.82585	0.11439
147.86293	0.10837
147.90002	0.10451
147.93710	0.10299
147.97419	0.10370
148.01128	0.10628
148.04836	0.11022
148.08545	0.11489
148.12254	0.11965
148.15962	0.12394
148.19671	0.12738
148.23380	0.12979
148.27088	0.13118
148.30797	0.13171
148.34505	0.13165
148.38214	0.13130
148.41923	0.13097
148.45631	0.13088
148.49340	0.13114
148.53049	0.13174
148.56757	0.13257
148.60466	0.13335
148.64174	0.13378
148.67883	0.13349
148.71592	0.13212
148.75300	0.12939
148.79009	0.12517
148.82718	0.11956
148.86426	0.11299
148.90135	0.10623
148.93843	0.10033
148.97552	0.09631
149.01261	0.09518
149.04969	0.09814
149.08678	0.10618
149.12387	0.11855
149.16095	0.13292
149.19804	0.14693
149.23512	0.15884
149.27221	0.16745
149.30930	0.17209
149.34638	0.17259
149.38347	0.16976
149.42056	0.16743
149.45764	0.17550
149.49473	0.19527
149.53181	0.21871
149.56890	0.24205
149.60599	0.26370
149.64307	0.28274
149.68016	0.29854
149.71725	0.31072
149.75433	0.31914
149.79142	0.32394
149.82850	0.32550
149.86559	0.32443
149.90268	0.32133
149.93976	0.31662
149.97685	0.31048
150.01394	0.30294
150.05102	0.29413
150.08811	0.28453
150.12519	0.27502
150.16228	0.26687
150.19937	0.26138
150.23645	0.25939
150.27354	0.26066
150.31063	0.26377
150.34771	0.26672
150.38480	0.26759
150.42188	0.26485
150.45897	0.25748
150.49606	0.24507
150.53314	0.22798
150.57023	0.20847
150.60732	0.19554
150.64440	0.20336
150.68149	0.22432
150.71857	0.24900
150.75566	0.27441
150.79275	0.29952
150.82983	0.32403
150.86692	0.34798
150.90401	0.37138
150.94109	0.39396
150.97818	0.41507
151.01526	0.43383
151.05235	0.44934
151.08944	0.46085
151.12652	0.46788
151.16361	0.47015
151.20070	0.46757
151.23778	0.46021
151.27487	0.44827
151.31195	0.43219
151.34904	0.41287
151.38613	0.39246
151.42321	0.37655
151.46030	0.37680
151.49739	0.39780
151.53447	0.42829
151.57156	0.45939
151.60864	0.48717
151.64573	0.50973
151.68282	0.52604
151.71990	0.53559
151.75699	0.53826
151.79408	0.53425
151.83116	0.52405
151.86825	0.50840
151.90534	0.48824
151.94242	0.46464
151.97951	0.43869
152.01659	0.41140
152.05368	0.38354
152.09077	0.35554
152.12785	0.32762
152.16494	0.29993
152.20203	0.27288
152.23911	0.24744
152.27620	0.22611
152.31328	0.21734
152.35037	0.23688
152.38746	0.27396
152.42454	0.31312
152.46163	0.34918
152.49872	0.37982
152.53580	0.40355
152.57289	0.41932
152.60997	0.42647
152.64706	0.42470
152.68415	0.41412
152.72123	0.39519
152.75832	0.36880
152.79541	0.33617
152.83249	0.29888
152.86958	0.25893
152.90666	0.21887
152.94375	0.18224
152.98084	0.15455
153.01792	0.14316
153.05501	0.15008
153.09210	0.16971
153.12918	0.19643
153.16627	0.22652
153.20335	0.25783
153.24044	0.28932
153.27753	0.32065
153.31461	0.35187
153.35170	0.38320
153.38879	0.41487
153.42587	0.44699
153.46296	0.47944
153.50004	0.51180
153.53713	0.54337
153.57422	0.57321
153.61130	0.60019
153.64839	0.62312
153.68548	0.64081
153.72256	0.65218
153.75965	0.65631
153.79673	0.65249
153.83382	0.64029
153.87091	0.61954
153.90799	0.59036
153.94508	0.55322
153.98217	0.50897
154.01925	0.45890
154.05634	0.40496
154.09342	0.35000
154.13051	0.29825
154.16760	0.25544
154.20468	0.22733
154.24177	0.21631
154.27886	0.22561
154.31594	0.27312
154.35303	0.33172
154.39011	0.39002
154.42720	0.44485
154.46429	0.49431
154.50137	0.53712
154.53846	0.57242
154.57555	0.59969
154.61263	0.61872
154.64972	0.62954
154.68680	0.63246
154.72389	0.62796
154.76098	0.61671
154.79806	0.59955
154.83515	0.57744
154.87224	0.55154
154.90932	0.52334
154.94641	0.49516
154.98349	0.47083
155.02058	0.45495
155.05767	0.44865
155.09475	0.44960
155.13184	0.45628
155.16893	0.46887
155.20601	0.48832
155.24310	0.51567
155.28019	0.55141
155.31727	0.59523
155.35436	0.64602
155.39144	0.70217
155.42853	0.76176
155.46562	0.82278
155.50270	0.88314
155.53979	0.94071
155.57688	0.99330
155.61396	1.03874
155.65105	1.07491
155.68813	1.09983
155.72522	1.11177
155.76231	1.10931
155.79939	1.09149
155.83648	1.05791
155.87357	1.00884
155.91065	0.94548
155.94774	0.87026
155.98482	0.78735
156.02191	0.70332
156.05900	0.62722
156.09608	0.56846
156.13317	0.53297
156.17026	0.52359
156.20734	0.54431
156.24443	0.59808
156.28151	0.67792
156.31860	0.76986
156.35569	0.86259
156.39277	0.94971
156.42986	1.02836
156.46695	1.09806
156.50403	1.16009
156.54112	1.21720
156.57820	1.27329
156.61529	1.33285
156.65238	1.39976
156.68946	1.47571
156.72655	1.55890
156.76364	1.64420
156.80072	1.72445
156.83781	1.79205
156.87489	1.84003
156.91198	1.86253
156.94907	1.85499
156.98615	1.81420
157.02324	1.73822
157.06033	1.62651
157.09741	1.48058
157.13450	1.30604
157.17158	1.11919
157.20867	0.96109
157.24576	0.88286
157.28284	0.87983
157.31993	0.94311
157.35702	1.15699
157.39410	1.53712
157.43119	1.97907
157.46827	2.43479
157.50536	2.88017
157.54245	3.29656
157.57953	3.66773
157.61662	3.98021
157.65371	4.22457
157.69079	4.39744
157.72788	4.50434
157.76496	4.56375
157.80205	4.61106
157.83914	4.69446
157.87622	4.85030
157.91331	5.07608
157.95040	5.33986
157.98748	5.60676
158.02457	5.85071
158.06165	6.05466
158.09874	6.20845
158.13583	6.30712
158.17291	6.34986
158.21000	6.33892
158.24709	6.27839
158.28417	6.17268
158.32126	6.02544
158.35834	5.84022
158.39543	5.62383
158.43252	5.39172
158.46960	5.17406
158.50669	5.02203
158.54378	5.01438
158.58086	5.25155
158.61795	5.79933
158.65504	6.61764
158.69212	7.59748
158.72921	8.63493
158.76629	9.65100
158.80338	10.58638
158.84047	11.39609
158.87755	12.04689
158.91464	12.51605
158.95173	12.79057
158.98881	12.86634
159.02590	12.74708
159.06298	12.44326
159.10007	11.97093
159.13716	11.35052
159.17424	10.60574
159.21133	9.76250
159.24842	8.84793
159.28550	7.88939
159.32259	6.91368
159.35967	5.94629
159.39676	5.01073
159.43385	4.12776
159.47093	3.31429
159.50802	2.58225
159.54511	1.93801
159.58219	1.84787
159.61928	2.20095
159.65636	2.51964
159.69345	2.78805
159.73054	2.99695
159.76762	3.14286
159.80471	3.22600
159.84180	3.24810
159.87888	3.21106
159.91597	3.11715
159.95305	2.97094
159.99014	2.78516
160.02723	2.61009
160.06431	2.65366
160.10140	2.95031
160.13849	3.26797
160.17557	3.53392
160.21266	3.72460
160.24974	3.82928
160.28683	3.84431
160.32392	3.77170
160.36100	3.61844
160.39809	3.39619
160.43518	3.12102
160.47226	2.81330
160.50935	2.49701
160.54643	2.19707
160.58352	1.93285
160.62061	1.71185
160.65769	1.53175
160.69478	1.39050
160.73187	1.30148
160.76895	1.31738
160.80604	1.44340
160.84312	1.58443
160.88021	1.69672
160.91730	1.77052
160.95438	1.80557
160.99147	1.80484
161.02856	1.77247
161.06564	1.71276
161.10273	1.62960
161.13981	1.52628
161.17690	1.40550
161.21399	1.26964
161.25107	1.12110
161.28816	0.96308
161.32525	0.80412
161.36233	0.72402
161.39942	0.71834
161.43650	0.71566
161.47359	0.71111
161.51068	0.70601
161.54776	0.70550
161.58485	0.71843
161.62194	0.75103
161.65902	0.79748
161.69611	0.84434
161.73319	0.88075
161.77028	0.90063
161.80737	0.90119
161.84445	0.88180
161.88154	0.84327
161.91863	0.78794
161.95571	0.72513
161.99280	0.77421
162.02989	0.88187
162.06697	0.97958
162.10406	1.06195
162.14114	1.12621
162.17823	1.17046
162.21532	1.19353
162.25240	1.19493
162.28949	1.17488
162.32658	1.13430
162.36366	1.07486
162.40075	0.99904
162.43783	0.91029
162.47492	0.81323
162.51201	0.71415
162.54909	0.62162
162.58618	0.54730
162.62327	0.50530
162.66035	0.50625
162.69744	0.54749
162.73452	0.61475
162.77161	0.69312
162.80870	0.77197
162.84578	0.84449
162.88287	0.90646
162.91996	0.95538
162.95704	0.98996
162.99413	1.00982
163.03121	1.01538
163.06830	1.00772
163.10539	0.98861
163.14247	0.96056
163.17956	0.92694
163.21665	0.89210
163.25373	0.86093
163.29082	0.83736
163.32790	0.82196
163.36499	0.81128
163.40208	0.80002
163.43916	0.78350
163.47625	0.75863
163.51334	0.72388
163.55042	0.67921
163.58751	0.62614
163.62459	0.56831
163.66168	0.51277
163.69877	0.47030
163.73585	0.44826
163.77294	0.44157
163.81003	0.44003
163.84711	0.43692
163.88420	0.42914
163.92128	0.41586
163.95837	0.44280
163.99546	0.52916
164.03254	0.60803
164.06963	0.67753
164.10672	0.73669
164.14380	0.78500
164.18089	0.82233
164.21797	0.84884
164.25506	0.86499
164.29215	0.87137
164.32923	0.86864
164.36632	0.85744
164.40341	0.83833
164.44049	0.81180
164.47758	0.77826
164.51466	0.73817
164.55175	0.69212
164.58884	0.64103
164.62592	0.58633
164.66301	0.53017
164.70010	0.47575
164.73718	0.42774
164.77427	0.39250
164.81135	0.37696
164.84844	0.38478
164.88553	0.41295
164.92261	0.45427
164.95970	0.50164
164.99679	0.54960
165.03387	0.59429
165.07096	0.63301
165.10804	0.66401
165.14513	0.68621
165.18222	0.69908
165.21930	0.70253
165.25639	0.69680
165.29348	0.68233
165.33056	0.65972
165.36765	0.62967
165.40473	0.59290
165.44182	0.55021
165.47891	0.50243
165.51599	0.45048
165.55308	0.39539
165.59017	0.33839
165.62725	0.28187
165.66434	0.26548
165.70143	0.27437
165.73851	0.28758
165.77560	0.30504
165.81268	0.32681
165.84977	0.35250
165.88686	0.38100
165.92394	0.41055
165.96103	0.43911
165.99812	0.46478
166.03520	0.48597
166.07229	0.50151
166.10937	0.51064
166.14646	0.51304
166.18355	0.50876
166.22063	0.49827
166.25772	0.48243
166.29481	0.46267
166.33189	0.44128
166.36898	0.42201
166.40606	0.41008
166.44315	0.40838
166.48024	0.41371
166.51732	0.42069
166.55441	0.42564
166.59150	0.42665
166.62858	0.42279
166.66567	0.41378
166.70275	0.39985
166.73984	0.38187
166.77693	0.36148
166.81401	0.34159
166.85110	0.32621
166.88819	0.31838
166.92527	0.31723
166.96236	0.31899
166.99944	0.32029
167.03653	0.31915
167.07362	0.31474
167.11070	0.30694
167.14779	0.29607
167.18488	0.28320
167.22196	0.28211
167.25905	0.31224
167.29613	0.33942
167.33322	0.36028
167.37031	0.37414
167.40739	0.38066
167.44448	0.37970
167.48157	0.37135
167.51865	0.35592
167.55574	0.33402
167.59282	0.30663
167.62991	0.27547
167.66700	0.24385
167.70408	0.21868
167.74117	0.20839
167.77826	0.21196
167.81534	0.22428
167.85243	0.24329
167.88951	0.26816
167.92660	0.29738
167.96369	0.32854
168.00077	0.35901
168.03786	0.38656
168.07495	0.40958
168.11203	0.42706
168.14912	0.43851
168.18620	0.44389
168.22329	0.44346
168.26038	0.43776
168.29746	0.42742
168.33455	0.41305
168.37164	0.39514
168.40872	0.37400
168.44581	0.34974
168.48289	0.32315
168.51998	0.32366
168.55707	0.33158
168.59415	0.33885
168.63124	0.34529
168.66833	0.35037
168.70541	0.35324
168.74250	0.35282
168.77958	0.34794
168.81667	0.33751
168.85376	0.32065
168.89084	0.29688
168.92793	0.26631
168.96502	0.22985
169.00210	0.18991
169.03919	0.15272
169.07628	0.13311
169.11336	0.14007
169.15045	0.16058
169.18753	0.18447
169.22462	0.21378
169.26171	0.25926
169.29879	0.30985
169.33588	0.35761
169.37297	0.39994
169.41005	0.43552
169.44714	0.46378
169.48422	0.48491
169.52131	0.50047
169.55840	0.51449
169.59548	0.53600
169.63257	0.57880
169.66966	0.64818
169.70674	0.73446
169.74383	0.82697
169.78091	0.91932
169.81800	1.00777
169.85509	1.08977
169.89217	1.16334
169.92926	1.22677
169.96635	1.27856
170.00343	1.31743
