49.99228	0.23989
50.02937	0.25333
50.06646	0.26505
50.10354	0.27429
50.14063	0.28030
50.17771	0.28239
50.21480	0.28003
50.25189	0.27291
50.28897	0.26097
50.32606	0.24446
50.36315	0.22400
50.40023	0.20057
50.43732	0.17567
50.47440	0.15142
50.51149	0.13084
50.54858	0.11775
50.58566	0.11512
50.62275	0.12238
50.65984	0.13595
50.69692	0.15216
50.73401	0.16841
50.77109	0.18314
50.80818	0.19555
50.84527	0.20533
50.88235	0.21253
50.91944	0.21744
50.95653	0.22051
50.99361	0.22226
51.03070	0.22321
51.06778	0.22389
51.10487	0.22472
51.14196	0.22602
51.17904	0.22798
51.21613	0.23063
51.25322	0.23384
51.29030	0.23733
51.32739	0.24076
51.36447	0.24372
51.40156	0.24584
51.43865	0.24678
51.47573	0.24634
51.51282	0.24443
51.54991	0.24109
51.58699	0.23652
51.62408	0.23106
51.66116	0.22514
51.69825	0.21927
51.73534	0.21394
51.77242	0.20958
51.80951	0.20647
51.84660	0.20466
51.88368	0.20402
51.92077	0.20428
51.95786	0.20518
51.99494	0.20649
52.03203	0.20812
52.06911	0.21014
52.10620	0.21275
52.14329	0.21627
52.18037	0.22103
52.21746	0.22732
52.25455	0.23522
52.29163	0.24457
52.32872	0.25493
52.36580	0.26566
52.40289	0.27604
52.43998	0.28536
52.47706	0.29298
52.51415	0.29840
52.55124	0.30123
52.58832	0.30123
52.62541	0.29827
52.66249	0.29234
52.69958	0.28347
52.73667	0.27183
52.77375	0.25765
52.81084	0.24130
52.84793	0.22324
52.88501	0.20410
52.92210	0.18461
52.95918	0.16568
52.99627	0.14831
53.03336	0.13350
53.07044	0.12195
53.10753	0.11373
53.14462	0.10834
53.18170	0.10520
53.21879	0.10458
53.25587	0.10966
53.29296	0.12210
53.33005	0.13736
53.36713	0.15273
53.40422	0.16713
53.44131	0.17990
53.47839	0.19047
53.51548	0.19836
53.55256	0.20314
53.58965	0.20445
53.62674	0.20206
53.66382	0.19588
53.70091	0.18598
53.73800	0.17258
53.77508	0.15610
53.81217	0.13722
53.84925	0.11728
53.88634	0.10298
53.92343	0.10692
53.96051	0.11532
53.99760	0.12360
54.03469	0.13142
54.07177	0.13888
54.10886	0.14614
54.14594	0.15317
54.18303	0.15967
54.22012	0.16517
54.25720	0.16912
54.29429	0.17106
54.33138	0.17062
54.36846	0.16761
54.40555	0.16200
54.44263	0.15392
54.47972	0.14366
54.51681	0.13174
54.55389	0.11889
54.59098	0.10606
54.62807	0.09442
54.66515	0.08531
54.70224	0.08027
54.73932	0.08094
54.77641	0.08777
54.81350	0.09880
54.85058	0.11154
54.88767	0.12437
54.92476	0.13639
54.96184	0.14709
54.99893	0.15618
55.03601	0.16345
55.07310	0.16873
55.11019	0.17191
55.14727	0.17285
55.18436	0.17147
55.22145	0.16768
55.25853	0.16145
55.29562	0.15282
55.33271	0.14190
55.36979	0.12892
55.40688	0.11426
55.44396	0.09856
55.48105	0.08299
55.51814	0.06997
55.55522	0.06312
55.59231	0.06283
55.62940	0.06725
55.66648	0.07557
55.70357	0.08687
55.74065	0.09966
55.77774	0.11254
55.81483	0.12451
55.85191	0.13494
55.88900	0.14343
55.92609	0.14978
55.96317	0.15394
56.00026	0.15598
56.03734	0.15618
56.07443	0.15491
56.11152	0.15272
56.14860	0.15024
56.18569	0.14802
56.22278	0.14643
56.25986	0.14552
56.29695	0.14512
56.33403	0.14497
56.37112	0.14491
56.40821	0.14496
56.44529	0.14541
56.48238	0.14668
56.51947	0.14914
56.55655	0.15288
56.59364	0.15764
56.63072	0.16302
56.66781	0.16868
56.70490	0.17434
56.74198	0.17987
56.77907	0.18520
56.81616	0.19029
56.85324	0.19506
56.89033	0.19942
56.92741	0.20319
56.96450	0.20614
57.00159	0.20800
57.03867	0.20847
57.07576	0.20732
57.11285	0.20442
57.14993	0.19978
57.18702	0.19354
57.22410	0.18600
57.26119	0.17749
57.29828	0.16839
57.33536	0.15903
57.37245	0.14975
57.40954	0.14091
57.44662	0.13290
57.48371	0.12617
57.52079	0.12107
57.55788	0.11772
57.59497	0.11574
57.63205	0.11429
57.66914	0.11246
57.70623	0.10968
57.74331	0.10583
57.78040	0.10120
57.81748	0.09634
57.85457	0.09187
57.89166	0.08837
57.92874	0.08631
57.96583	0.08617
58.00292	0.08857
58.04000	0.09414
58.07709	0.10315
58.11417	0.11539
58.15126	0.13015
58.18835	0.14647
58.22543	0.16329
58.26252	0.17959
58.29961	0.19444
58.33669	0.20710
58.37378	0.21701
58.41086	0.22382
58.44795	0.22741
58.48504	0.22782
58.52212	0.22527
58.55921	0.22009
58.59630	0.21272
58.63338	0.20365
58.67047	0.19342
58.70756	0.18265
58.74464	0.17200
58.78173	0.16225
58.81881	0.15421
58.85590	0.14859
58.89299	0.14585
58.93007	0.14600
58.96716	0.14862
59.00425	0.15307
59.04133	0.15866
59.07842	0.16473
59.11550	0.17074
59.15259	0.17623
59.18968	0.18087
59.22676	0.18440
59.26385	0.18671
59.30094	0.18777
59.33802	0.18764
59.37511	0.18647
59.41219	0.18447
59.44928	0.18192
59.48637	0.17914
59.52345	0.17647
59.56054	0.17423
59.59763	0.17268
59.63471	0.17193
59.67180	0.17193
59.70888	0.17250
59.74597	0.17334
59.78306	0.17417
59.82014	0.17474
59.85723	0.17495
59.89432	0.17483
59.93140	0.17454
59.96849	0.17433
60.00557	0.17443
60.04266	0.17494
60.07975	0.17578
60.11683	0.17675
60.15392	0.17754
60.19101	0.17788
60.22809	0.17760
60.26518	0.17670
60.30226	0.17539
60.33935	0.17416
60.37644	0.17366
60.41352	0.17443
60.45061	0.17650
60.48770	0.17926
60.52478	0.18186
60.56187	0.18355
60.59895	0.18383
60.63604	0.18248
60.67313	0.17949
60.71021	0.17501
60.74730	0.16930
60.78439	0.16272
60.82147	0.15562
60.85856	0.14836
60.89564	0.14120
60.93273	0.13428
60.96982	0.12760
61.00690	0.12103
61.04399	0.11432
61.08108	0.10715
61.11816	0.09924
61.15525	0.09035
61.19233	0.08035
61.22942	0.06928
61.26651	0.05745
61.30359	0.04555
61.34068	0.03511
61.37777	0.03175
61.41485	0.04151
61.45194	0.05548
61.48902	0.07074
61.52611	0.08607
61.56320	0.10065
61.60028	0.11392
61.63737	0.12551
61.67446	0.13522
61.71154	0.14303
61.74863	0.14904
61.78571	0.15349
61.82280	0.15671
61.85989	0.15907
61.89697	0.16088
61.93406	0.16231
61.97115	0.16333
62.00823	0.16378
62.04532	0.16346
62.08241	0.16223
62.11949	0.16003
62.15658	0.15693
62.19366	0.15302
62.23075	0.14845
62.26784	0.14331
62.30492	0.13763
62.34201	0.13133
62.37910	0.12428
62.41618	0.11632
62.45327	0.10735
62.49035	0.09739
62.52744	0.08664
62.56453	0.07568
62.60161	0.06567
62.63870	0.05875
62.67579	0.05683
62.71287	0.05924
62.74996	0.06433
62.78704	0.07116
62.82413	0.07948
62.86122	0.08935
62.89830	0.10070
62.93539	0.11318
62.97248	0.12625
63.00956	0.13941
63.04665	0.15220
63.08373	0.16427
63.12082	0.17529
63.15791	0.18503
63.19499	0.19329
63.23208	0.19997
63.26917	0.20500
63.30625	0.20838
63.34334	0.21015
63.38042	0.21040
63.41751	0.20931
63.45460	0.20710
63.49168	0.20413
63.52877	0.20084
63.56586	0.19766
63.60294	0.19484
63.64003	0.19225
63.67711	0.18941
63.71420	0.18582
63.75129	0.18120
63.78837	0.17566
63.82546	0.16972
63.86255	0.16429
63.89963	0.16058
63.93672	0.15981
63.97380	0.16266
64.01089	0.16889
64.04798	0.17757
64.08506	0.18761
64.12215	0.19816
64.15924	0.20856
64.19632	0.21837
64.23341	0.22723
64.27049	0.23481
64.30758	0.24081
64.34467	0.24491
64.38175	0.24683
64.41884	0.24633
64.45593	0.24325
64.49301	0.23749
64.53010	0.22911
64.56718	0.21829
64.60427	0.20537
64.64136	0.19085
64.67844	0.17543
64.71553	0.16005
64.75262	0.14592
64.78970	0.13435
64.82679	0.12635
64.86387	0.12209
64.90096	0.12110
64.93805	0.12277
64.97513	0.12655
65.01222	0.13184
65.04931	0.13798
65.08639	0.14434
65.12348	0.15038
65.16056	0.15573
65.19765	0.16021
65.23474	0.16381
65.27182	0.16671
65.30891	0.16923
65.34600	0.17178
65.38308	0.17483
65.42017	0.17881
65.45725	0.18409
65.49434	0.19083
65.53143	0.19905
65.56851	0.20853
65.60560	0.21887
65.64269	0.22954
65.67977	0.23993
65.71686	0.24948
65.75395	0.25767
65.79103	0.26411
65.82812	0.26858
65.86520	0.27104
65.90229	0.27166
65.93938	0.27081
65.97646	0.26899
66.01355	0.26667
66.05064	0.26417
66.08772	0.26144
66.12481	0.25809
66.16189	0.25351
66.19898	0.24705
66.23607	0.23821
66.27315	0.22671
66.31024	0.21252
66.34733	0.19585
66.38441	0.17716
66.42150	0.15706
66.45858	0.13632
66.49567	0.11572
66.53276	0.09602
66.56984	0.07818
66.60693	0.06542
66.64402	0.06574
66.68110	0.07329
66.71819	0.08140
66.75527	0.08872
66.79236	0.09533
66.82945	0.10207
66.86653	0.11023
66.90362	0.12067
66.94071	0.13295
66.97779	0.14594
67.01488	0.15859
67.05196	0.17018
67.08905	0.18027
67.12614	0.18858
67.16322	0.19500
67.20031	0.19951
67.23740	0.20218
67.27448	0.20311
67.31157	0.20247
67.34865	0.20047
67.38574	0.19741
67.42283	0.19370
67.45991	0.19001
67.49700	0.18746
67.53409	0.18773
67.57117	0.19268
67.60826	0.20267
67.64534	0.21585
67.68243	0.22970
67.71952	0.24227
67.75660	0.25222
67.79369	0.25877
67.83078	0.26160
67.86786	0.26093
67.90495	0.25758
67.94203	0.25310
67.97912	0.24964
68.01621	0.24946
68.05329	0.25413
68.09038	0.26392
68.12747	0.27806
68.16455	0.29518
68.20164	0.31375
68.23872	0.33223
68.27581	0.34923
68.31290	0.36359
68.34998	0.37446
68.38707	0.38131
68.42416	0.38397
68.46124	0.38258
68.49833	0.37747
68.53541	0.36912
68.57250	0.35800
68.60959	0.34461
68.64667	0.32946
68.68376	0.31317
68.72085	0.29644
68.75793	0.27997
68.79502	0.26439
68.83210	0.25007
68.86919	0.23710
68.90628	0.22528
68.94336	0.21422
68.98045	0.20345
69.01754	0.19246
69.05462	0.18084
69.09171	0.16845
69.12880	0.15560
69.16588	0.14327
69.20297	0.13333
69.24005	0.12850
69.27714	0.13059
69.31423	0.13831
69.35131	0.14857
69.38840	0.15897
69.42549	0.16824
69.46257	0.17587
69.49966	0.18175
69.53674	0.18594
69.57383	0.18849
69.61092	0.18943
69.64800	0.18871
69.68509	0.18626
69.72218	0.18203
69.75926	0.17605
69.79635	0.16844
69.83343	0.15946
69.87052	0.14956
69.90761	0.13929
69.94469	0.12941
69.98178	0.12072
70.01887	0.11407
70.05595	0.11004
70.09304	0.10873
70.13012	0.10964
70.16721	0.11195
70.20430	0.11475
70.24138	0.11729
70.27847	0.11896
70.31556	0.11933
70.35264	0.11813
70.38973	0.11526
70.42681	0.11085
70.46390	0.10541
70.50099	0.10037
70.53807	0.09865
70.57516	0.10218
70.61225	0.10871
70.64933	0.11590
70.68642	0.12272
70.72350	0.12868
70.76059	0.13351
70.79768	0.13695
70.83476	0.13879
70.87185	0.13887
70.90894	0.13714
70.94602	0.13371
70.98311	0.12887
71.02019	0.12314
71.05728	0.11721
71.09437	0.11185
71.13145	0.10781
71.16854	0.10576
71.20563	0.10623
71.24271	0.10946
71.27980	0.11519
71.31688	0.12257
71.35397	0.13044
71.39106	0.13766
71.42814	0.14328
71.46523	0.14662
71.50232	0.14727
71.53940	0.14520
71.57649	0.14098
71.61357	0.13662
71.65066	0.13609
71.68775	0.14001
71.72483	0.14515
71.76192	0.14975
71.79901	0.15326
71.83609	0.15560
71.87318	0.15691
71.91026	0.15743
71.94735	0.15740
71.98444	0.15694
72.02152	0.15609
72.05861	0.15474
72.09570	0.15282
72.13278	0.15030
72.16987	0.14719
72.20695	0.14358
72.24404	0.13959
72.28113	0.13554
72.31821	0.13243
72.35530	0.13219
72.39239	0.13469
72.42947	0.13746
72.46656	0.13914
72.50365	0.13937
72.54073	0.13820
72.57782	0.13594
72.61490	0.13306
72.65199	0.13021
72.68908	0.12808
72.72616	0.12717
72.76325	0.12743
72.80034	0.12820
72.83742	0.12851
72.87451	0.12752
72.91159	0.12477
72.94868	0.12020
72.98577	0.11410
73.02285	0.10706
73.05994	0.09986
73.09703	0.09342
73.13411	0.08862
73.17120	0.08607
73.20828	0.08587
73.24537	0.08761
73.28246	0.09056
73.31954	0.09399
73.35663	0.09733
73.39372	0.10018
73.43080	0.10231
73.46789	0.10358
73.50497	0.10390
73.54206	0.10327
73.57915	0.10176
73.61623	0.09963
73.65332	0.09737
73.69041	0.09578
73.72749	0.09588
73.76458	0.09866
73.80166	0.10436
73.83875	0.11232
73.87584	0.12149
73.91292	0.13097
73.95001	0.14005
73.98710	0.14824
74.02418	0.15516
74.06127	0.16056
74.09835	0.16428
74.13544	0.16624
74.17253	0.16644
74.20961	0.16499
74.24670	0.16209
74.28379	0.15807
74.32087	0.15342
74.35796	0.14878
74.39504	0.14495
74.43213	0.14277
74.46922	0.14302
74.50630	0.14605
74.54339	0.15164
74.58048	0.15901
74.61756	0.16723
74.65465	0.17545
74.69173	0.18302
74.72882	0.18949
74.76591	0.19455
74.80299	0.19798
74.84008	0.19963
74.87717	0.19937
74.91425	0.19711
74.95134	0.19281
74.98842	0.18652
75.02551	0.17834
75.06260	0.16846
75.09968	0.15717
75.13677	0.14481
75.17386	0.13181
75.21094	0.11866
75.24803	0.10594
75.28511	0.09430
75.32220	0.08452
75.35929	0.07755
75.39637	0.07460
75.43346	0.07693
75.47055	0.08419
75.50763	0.09433
75.54472	0.10562
75.58180	0.11704
75.61889	0.12798
75.65598	0.13808
75.69306	0.14706
75.73015	0.15475
75.76724	0.16105
75.80432	0.16595
75.84141	0.16952
75.87850	0.17194
75.91558	0.17341
75.95267	0.17409
75.98975	0.17402
76.02684	0.17312
76.06393	0.17129
76.10101	0.16845
76.13810	0.16455
76.17519	0.15958
76.21227	0.15358
76.24936	0.14656
76.28644	0.13865
76.32353	0.13007
76.36062	0.12134
76.39770	0.11355
76.43479	0.10850
76.47188	0.10793
76.50896	0.11162
76.54605	0.11768
76.58313	0.12425
76.62022	0.13011
76.65731	0.13457
76.69439	0.13724
76.73148	0.13800
76.76857	0.13715
76.80565	0.13617
76.84274	0.13860
76.87982	0.14248
76.91691	0.14434
76.95400	0.14347
76.99108	0.14003
77.02817	0.13450
77.06526	0.12751
77.10234	0.11980
77.13943	0.11210
77.17651	0.10506
77.21360	0.09915
77.25069	0.09460
77.28777	0.09134
77.32486	0.08916
77.36195	0.08777
77.39903	0.08697
77.43612	0.08678
77.47320	0.08761
77.51029	0.09026
77.54738	0.09566
77.58446	0.10418
77.62155	0.11548
77.65864	0.12900
77.69572	0.14424
77.73281	0.16077
77.76989	0.17815
77.80698	0.19590
77.84407	0.21348
77.88115	0.23035
77.91824	0.24594
77.95533	0.25970
77.99241	0.27117
78.02950	0.27994
78.06658	0.28577
78.10367	0.28853
78.14076	0.28823
78.17784	0.28503
78.21493	0.27925
78.25202	0.27129
78.28910	0.26167
78.32619	0.25093
78.36327	0.23970
78.40036	0.22859
78.43745	0.21818
78.47453	0.20901
78.51162	0.20149
78.54871	0.19584
78.58579	0.19209
78.62288	0.19004
78.65996	0.18936
78.69705	0.18964
78.73414	0.19046
78.77122	0.19143
78.80831	0.19215
78.84540	0.19229
78.88248	0.19152
78.91957	0.18957
78.95665	0.18623
78.99374	0.18139
79.03083	0.17501
79.06791	0.16721
79.10500	0.15822
79.14209	0.14844
79.17917	0.13842
79.21626	0.12877
79.25334	0.12015
79.29043	0.11303
79.32752	0.10764
79.36460	0.10386
79.40169	0.10137
79.43878	0.09985
79.47586	0.09935
79.51295	0.10078
79.55004	0.10432
79.58712	0.10814
79.62421	0.11124
79.66129	0.11342
79.69838	0.11479
79.73547	0.11549
79.77255	0.11568
79.80964	0.11550
79.84673	0.11500
79.88381	0.11421
79.92090	0.11309
79.95798	0.11161
79.99507	0.10968
80.03216	0.10726
80.06924	0.10429
80.10633	0.10075
80.14342	0.09665
80.18050	0.09205
80.21759	0.08703
80.25467	0.08167
80.29176	0.07613
80.32885	0.07063
80.36593	0.06574
80.40302	0.06399
80.44011	0.06742
80.47719	0.07233
80.51428	0.07719
80.55136	0.08174
80.58845	0.08590
80.62554	0.08964
80.66262	0.09294
80.69971	0.09575
80.73680	0.09801
80.77388	0.09966
80.81097	0.10063
80.84805	0.10090
80.88514	0.10042
80.92223	0.09922
80.95931	0.09731
80.99640	0.09472
81.03349	0.09156
81.07057	0.08794
81.10766	0.08416
81.14474	0.08074
81.18183	0.07814
81.21892	0.07595
81.25600	0.07344
81.29309	0.07046
81.33018	0.06745
81.36726	0.06511
81.40435	0.06415
81.44143	0.06494
81.47852	0.06759
81.51561	0.07213
81.55269	0.07857
81.58978	0.08684
81.62687	0.09670
81.66395	0.10762
81.70104	0.11888
81.73812	0.12969
81.77521	0.13934
81.81230	0.14723
81.84938	0.15291
81.88647	0.15611
81.92356	0.15674
81.96064	0.15487
81.99773	0.15069
82.03481	0.14453
82.07190	0.13678
82.10899	0.12783
82.14607	0.11807
82.18316	0.10787
82.22025	0.09770
82.25733	0.08903
82.29442	0.08721
82.33150	0.09161
82.36859	0.09686
82.40568	0.10160
82.44276	0.10549
82.47985	0.10842
82.51694	0.11035
82.55402	0.11131
82.59111	0.11128
82.62819	0.11031
82.66528	0.10847
82.70237	0.10590
82.73945	0.10280
82.77654	0.09944
82.81363	0.09617
82.85071	0.09353
82.88780	0.09264
82.92489	0.09514
82.96197	0.10091
82.99906	0.10755
83.03614	0.11325
83.07323	0.11720
83.11032	0.11912
83.14740	0.11902
83.18449	0.11705
83.22158	0.11342
83.25866	0.10833
83.29575	0.10192
83.33283	0.09430
83.36992	0.08555
83.40701	0.07578
83.44409	0.06516
83.48118	0.05398
83.51827	0.05329
83.55535	0.06051
83.59244	0.06724
83.62952	0.07340
83.66661	0.07878
83.70370	0.08309
83.74078	0.08597
83.77787	0.08712
83.81496	0.08636
83.85204	0.08374
83.88913	0.07954
83.92621	0.07429
83.96330	0.06882
84.00039	0.06416
84.03747	0.06122
84.07456	0.06028
84.11165	0.06083
84.14873	0.06206
84.18582	0.06330
84.22290	0.06402
84.25999	0.06396
84.29708	0.06300
84.33416	0.06126
84.37125	0.05935
84.40834	0.06084
84.44542	0.06798
84.48251	0.07588
84.51959	0.08328
84.55668	0.08980
84.59377	0.09527
84.63085	0.09956
84.66794	0.10263
84.70503	0.10446
84.74211	0.10508
84.77920	0.10452
84.81628	0.10284
84.85337	0.10008
84.89046	0.09627
84.92754	0.09144
84.96463	0.08561
85.00172	0.07881
85.03880	0.07110
85.07589	0.06274
85.11297	0.06098
85.15006	0.06497
85.18715	0.06847
85.22423	0.07111
85.26132	0.07267
85.29841	0.07296
85.33549	0.07183
85.37258	0.06921
85.40966	0.06507
85.44675	0.05950
85.48384	0.05273
85.52092	0.04525
85.55801	0.03813
85.59510	0.03289
85.63218	0.03013
85.66927	0.03016
85.70635	0.03408
85.74344	0.04126
85.78053	0.04959
85.81761	0.05758
85.85470	0.06444
85.89179	0.06979
85.92887	0.07345
85.96596	0.07541
86.00304	0.07582
86.04013	0.07493
86.07722	0.07306
86.11430	0.07059
86.15139	0.06793
86.18848	0.06550
86.22556	0.06378
86.26265	0.06326
86.29974	0.06412
86.33682	0.06602
86.37391	0.06835
86.41099	0.07061
86.44808	0.07239
86.48517	0.07339
86.52225	0.07337
86.55934	0.07218
86.59643	0.06980
86.63351	0.06630
86.67060	0.06194
86.70768	0.05720
86.74477	0.05284
86.78186	0.04992
86.81894	0.04932
86.85603	0.05100
86.89312	0.05431
86.93020	0.05862
86.96729	0.06343
87.00437	0.06832
87.04146	0.07288
87.07855	0.07673
87.11563	0.07953
87.15272	0.08096
87.18981	0.08078
87.22689	0.07883
87.26398	0.07508
87.30106	0.06961
87.33815	0.06267
87.37524	0.05495
87.41232	0.04839
87.44941	0.04793
87.48650	0.05584
87.52358	0.06761
87.56067	0.08011
87.59775	0.09190
87.63484	0.10207
87.67193	0.11000
87.70901	0.11525
87.74610	0.11761
87.78319	0.11702
87.82027	0.11370
87.85736	0.10814
87.89444	0.10126
87.93153	0.09458
87.96862	0.08942
88.00570	0.08558
88.04279	0.08230
88.07988	0.07916
88.11696	0.07601
88.15405	0.07281
88.19113	0.06954
88.22822	0.06623
88.26531	0.06293
88.30239	0.05977
88.33948	0.05693
88.37657	0.05460
88.41365	0.05298
88.45074	0.05220
88.48782	0.05228
88.52491	0.05311
88.56200	0.05454
88.59908	0.05642
88.63617	0.05872
88.67326	0.06165
88.71034	0.06555
88.74743	0.07066
88.78451	0.07675
88.82160	0.08326
88.85869	0.08948
88.89577	0.09481
88.93286	0.09872
88.96995	0.10082
89.00703	0.10085
89.04412	0.09869
89.08120	0.09437
89.11829	0.08811
89.15538	0.08032
89.19246	0.07170
89.22955	0.06340
89.26664	0.05688
89.30372	0.05304
89.34081	0.05145
89.37789	0.05130
89.41498	0.05235
89.45207	0.05583
89.48915	0.06405
89.52624	0.07442
89.56333	0.08422
89.60041	0.09252
89.63750	0.09891
89.67459	0.10320
89.71167	0.10534
89.74876	0.10545
89.78584	0.10381
89.82293	0.10083
89.86002	0.09708
89.89710	0.09322
89.93419	0.08996
89.97128	0.08802
90.00836	0.08811
90.04545	0.09070
90.08253	0.09576
90.11962	0.10260
90.15671	0.11017
90.19379	0.11749
90.23088	0.12388
90.26797	0.12892
90.30505	0.13246
90.34214	0.13456
90.37922	0.13542
90.41631	0.13532
90.45340	0.13453
90.49048	0.13327
90.52757	0.13165
90.56466	0.12972
90.60174	0.12755
90.63883	0.12523
90.67591	0.12298
90.71300	0.12104
90.75009	0.11974
90.78717	0.11936
90.82426	0.12004
90.86135	0.12175
90.89843	0.12423
90.93552	0.12705
90.97260	0.12968
91.00969	0.13158
91.04678	0.13234
91.08386	0.13168
91.12095	0.12952
91.15804	0.13225
91.19512	0.14409
91.23221	0.15553
91.26929	0.16635
91.30638	0.17637
91.34347	0.18532
91.38055	0.19289
91.41764	0.19870
91.45473	0.20233
91.49181	0.20337
91.52890	0.20147
91.56598	0.19643
91.60307	0.18822
91.64016	0.17704
91.67724	0.16338
91.71433	0.14804
91.75142	0.13221
91.78850	0.11783
91.82559	0.10785
91.86267	0.10414
91.89976	0.10487
91.93685	0.10759
91.97393	0.11072
92.01102	0.11315
92.04811	0.11408
92.08519	0.11299
92.12228	0.10968
92.15936	0.10422
92.19645	0.09688
92.23354	0.08806
92.27062	0.07821
92.30771	0.06788
92.34480	0.05776
92.38188	0.04895
92.41897	0.04290
92.45605	0.04015
92.49314	0.03976
92.53023	0.04229
92.56731	0.05702
92.60440	0.07467
92.64149	0.09242
92.67857	0.10951
92.71566	0.12530
92.75274	0.13922
92.78983	0.15081
92.82692	0.15977
92.86400	0.16593
92.90109	0.16929
92.93818	0.17006
92.97526	0.16861
93.01235	0.16548
93.04943	0.16133
93.08652	0.15688
93.12361	0.15285
93.16069	0.14977
93.19778	0.14795
93.23487	0.14736
93.27195	0.14769
93.30904	0.14842
93.34613	0.14899
93.38321	0.14887
93.42030	0.14770
93.45738	0.14529
93.49447	0.14161
93.53156	0.13681
93.56864	0.13114
93.60573	0.12495
93.64282	0.11860
93.67990	0.11244
93.71699	0.10675
93.75407	0.10173
93.79116	0.09750
93.82825	0.09408
93.86533	0.09141
93.90242	0.08944
93.93951	0.08809
93.97659	0.08736
94.01368	0.08733
94.05076	0.08818
94.08785	0.09017
94.12494	0.09351
94.16202	0.09829
94.19911	0.10444
94.23620	0.11176
94.27328	0.12001
94.31037	0.12885
94.34745	0.13793
94.38454	0.14679
94.42163	0.15499
94.45871	0.16204
94.49580	0.16754
94.53289	0.17111
94.56997	0.17254
94.60706	0.17174
94.64414	0.16880
94.68123	0.16395
94.71832	0.15759
94.75540	0.15018
94.79249	0.14228
94.82958	0.13439
94.86666	0.12694
94.90375	0.12026
94.94083	0.11455
94.97792	0.10992
95.01501	0.10646
95.05209	0.10424
95.08918	0.10322
95.12627	0.10330
95.16335	0.10440
95.20044	0.10655
95.23752	0.10991
95.27461	0.11471
95.31170	0.12100
95.34878	0.12857
95.38587	0.13694
95.42296	0.14547
95.46004	0.15353
95.49713	0.16057
95.53421	0.16619
95.57130	0.17015
95.60839	0.17236
95.64547	0.17287
95.68256	0.17186
95.71965	0.16962
95.75673	0.16653
95.79382	0.16303
95.83090	0.15960
95.86799	0.15669
95.90508	0.15473
95.94216	0.15402
95.97925	0.15472
96.01634	0.15682
96.05342	0.16014
96.09051	0.16435
96.12759	0.16900
96.16468	0.17358
96.20177	0.17752
96.23885	0.18026
96.27594	0.18127
96.31303	0.18010
96.35011	0.17643
96.38720	0.17016
96.42428	0.16148
96.46137	0.15125
96.49846	0.14276
96.53554	0.14913
96.57263	0.17390
96.60972	0.20335
96.64680	0.23308
96.68389	0.26170
96.72098	0.28843
96.75806	0.31261
96.79515	0.33364
96.83223	0.35090
96.86932	0.36389
96.90641	0.37221
96.94349	0.37581
96.98058	0.37508
97.01767	0.37106
97.05475	0.36566
97.09184	0.36153
97.12892	0.36132
97.16601	0.36629
97.20310	0.37578
97.24018	0.38818
97.27727	0.40188
97.31436	0.41569
97.35144	0.42878
97.38853	0.44054
97.42561	0.45053
97.46270	0.45840
97.49979	0.46394
97.53687	0.46712
97.57396	0.46806
97.61105	0.46706
97.64813	0.46455
97.68522	0.46098
97.72230	0.45663
97.75939	0.45146
97.79648	0.44502
97.83356	0.43647
97.87065	0.42480
97.90774	0.40906
97.94482	0.38860
97.98191	0.36314
98.01899	0.33289
98.05608	0.29843
98.09317	0.26071
98.13025	0.22091
98.16734	0.18040
98.20443	0.14058
98.24151	0.10284
98.27860	0.06890
98.31568	0.06715
98.35277	0.08071
98.38986	0.09377
98.42694	0.10528
98.46403	0.11446
98.50112	0.12088
98.53820	0.12447
98.57529	0.12551
98.61237	0.12452
98.64946	0.12222
98.68655	0.11931
98.72363	0.11623
98.76072	0.11309
98.79781	0.10978
98.83489	0.10616
98.87198	0.10221
98.90906	0.09793
98.94615	0.09343
98.98324	0.08886
99.02032	0.08443
99.05741	0.08036
99.09450	0.07675
99.13158	0.07349
99.16867	0.07027
99.20575	0.06677
99.24284	0.06286
99.27993	0.05869
99.31701	0.05460
99.35410	0.05095
99.39119	0.04787
99.42827	0.04518
99.46536	0.04242
99.50244	0.03912
99.53953	0.03497
99.57662	0.02984
99.61370	0.03041
99.65079	0.03096
99.68788	0.03034
99.72496	0.02864
99.76205	0.02604
99.79913	0.02285
99.83622	0.02024
99.87331	0.02150
99.91039	0.02345
99.94748	0.02413
99.98457	0.02338
100.02165	0.02139
100.05874	0.01852
100.09583	0.01535
100.13291	0.01244
100.17000	0.01022
100.20708	0.01324
100.24417	0.01946
100.28126	0.02624
100.31834	0.03331
100.35543	0.04063
100.39252	0.04825
100.42960	0.05620
100.46669	0.06441
100.50377	0.07267
100.54086	0.08066
100.57795	0.08803
100.61503	0.09440
100.65212	0.09946
100.68921	0.10297
100.72629	0.10481
100.76338	0.10500
100.80046	0.10373
100.83755	0.10134
100.87464	0.09835
100.91172	0.09534
100.94881	0.09290
100.98590	0.09144
101.02298	0.09115
101.06007	0.09216
101.09715	0.09481
101.13424	0.09951
101.17133	0.10546
101.20841	0.11130
101.24550	0.11611
101.28259	0.11947
101.31967	0.12122
101.35676	0.12144
101.39384	0.12033
101.43093	0.11816
101.46802	0.11528
101.50510	0.11199
101.54219	0.10852
101.57928	0.10496
101.61636	0.10132
101.65345	0.09746
101.69053	0.09324
101.72762	0.08857
101.76471	0.08349
101.80179	0.07833
101.83888	0.07381
101.87597	0.07097
101.91305	0.07097
101.95014	0.07443
101.98722	0.08113
102.02431	0.09030
102.06140	0.10096
102.09848	0.11220
102.13557	0.12317
102.17266	0.13320
102.20974	0.14175
102.24683	0.14843
102.28391	0.15300
102.32100	0.15535
102.35809	0.15547
102.39517	0.15347
102.43226	0.14953
102.46935	0.14388
102.50643	0.13680
102.54352	0.12856
102.58060	0.11944
102.61769	0.10967
102.65478	0.09947
102.69186	0.08899
102.72895	0.07840
102.76604	0.06844
102.80312	0.06577
102.84021	0.06935
102.87729	0.07327
102.91438	0.07681
102.95147	0.07988
102.98855	0.08264
103.02564	0.08558
103.06273	0.08949
103.09981	0.09521
103.13690	0.10305
103.17398	0.11248
103.21107	0.12260
103.24816	0.13263
103.28524	0.14205
103.32233	0.15058
103.35942	0.15807
103.39650	0.16450
103.43359	0.16993
103.47068	0.17450
103.50776	0.17836
103.54485	0.18168
103.58193	0.18458
103.61902	0.18716
103.65611	0.18944
103.69319	0.19136
103.73028	0.19282
103.76737	0.19365
103.80445	0.19371
103.84154	0.19285
103.87862	0.19096
103.91571	0.18799
103.95280	0.18392
103.98988	0.17878
104.02697	0.17261
104.06406	0.16549
104.10114	0.15749
104.13823	0.14869
104.17531	0.13916
104.21240	0.12898
104.24949	0.11825
104.28657	0.10708
104.32366	0.09562
104.36075	0.08406
104.39783	0.07269
104.43492	0.06231
104.47200	0.05967
104.50909	0.06921
104.54618	0.08012
104.58326	0.09050
104.62035	0.09980
104.65744	0.10769
104.69452	0.11392
104.73161	0.11835
104.76869	0.12089
104.80578	0.12156
104.84287	0.12042
104.87995	0.11763
104.91704	0.11340
104.95413	0.10796
104.99121	0.10162
105.02830	0.09471
105.06538	0.08761
105.10247	0.08076
105.13956	0.07466
105.17664	0.06969
105.21373	0.06593
105.25082	0.06308
105.28790	0.06073
105.32499	0.05851
105.36207	0.05617
105.39916	0.05356
105.43625	0.05068
105.47333	0.04777
105.51042	0.04550
105.54751	0.04488
105.58459	0.04671
105.62168	0.05113
105.65876	0.05799
105.69585	0.06709
105.73294	0.07795
105.77002	0.08990
105.80711	0.10221
105.84420	0.11417
105.88128	0.12513
105.91837	0.13450
105.95545	0.14182
105.99254	0.14672
106.02963	0.14897
106.06671	0.14847
106.10380	0.14528
106.14089	0.13958
106.17797	0.13164
106.21506	0.12181
106.25214	0.11045
106.28923	0.09790
106.32632	0.08443
106.36340	0.07027
106.40049	0.05561
106.43758	0.04105
106.47466	0.03385
106.51175	0.03326
106.54883	0.03317
106.58592	0.03627
106.62301	0.04758
106.66009	0.06209
106.69718	0.07633
106.73427	0.08923
106.77135	0.10021
106.80844	0.10887
106.84553	0.11497
106.88261	0.11840
106.91970	0.11923
106.95678	0.11768
106.99387	0.11408
107.03096	0.10891
107.06804	0.10274
107.10513	0.09620
107.14222	0.08995
107.17930	0.08462
107.21639	0.08070
107.25347	0.07837
107.29056	0.07747
107.32765	0.07750
107.36473	0.07788
107.40182	0.07814
107.43891	0.07800
107.47599	0.07746
107.51308	0.07672
107.55016	0.07607
107.58725	0.07569
107.62434	0.07561
107.66142	0.07570
107.69851	0.07583
107.73560	0.07598
107.77268	0.07642
107.80977	0.07801
107.84685	0.08174
107.88394	0.08710
107.92103	0.09253
107.95811	0.09712
107.99520	0.10053
108.03229	0.10268
108.06937	0.10356
108.10646	0.10318
108.14354	0.10154
108.18063	0.09863
108.21772	0.09445
108.25480	0.08907
108.29189	0.08266
108.32898	0.07560
108.36606	0.06877
108.40315	0.06439
108.44023	0.06333
108.47732	0.06350
108.51441	0.06383
108.55149	0.06401
108.58858	0.06384
108.62567	0.06322
108.66275	0.06204
108.69984	0.06025
108.73692	0.05788
108.77401	0.05508
108.81110	0.05214
108.84818	0.04953
108.88527	0.04781
108.92236	0.04754
108.95944	0.04910
108.99653	0.05247
109.03361	0.05737
109.07070	0.06330
109.10779	0.06979
109.14487	0.07647
109.18196	0.08310
109.21905	0.08954
109.25613	0.09576
109.29322	0.10174
109.33030	0.10744
109.36739	0.11278
109.40448	0.11759
109.44156	0.12174
109.47865	0.12507
109.51574	0.12756
109.55282	0.12929
109.58991	0.13049
109.62699	0.13150
109.66408	0.13275
109.70117	0.13464
109.73825	0.13742
109.77534	0.14114
109.81243	0.14560
109.84951	0.15036
109.88660	0.15486
109.92368	0.15850
109.96077	0.16071
109.99786	0.16103
110.03494	0.15914
110.07203	0.15489
110.10912	0.14828
110.14620	0.13945
110.18329	0.12874
110.22037	0.11657
110.25746	0.10355
110.29455	0.09043
110.33163	0.07823
110.36872	0.06826
110.40581	0.06168
110.44289	0.05867
110.47998	0.05843
110.51707	0.06006
110.55415	0.06290
110.59124	0.06653
110.62832	0.07077
110.66541	0.07563
110.70250	0.08118
110.73958	0.08723
110.77667	0.09338
110.81376	0.09912
110.85084	0.10400
110.88793	0.10770
110.92501	0.11002
110.96210	0.11089
110.99919	0.11035
111.03627	0.10852
111.07336	0.10558
111.11045	0.10176
111.14753	0.09730
111.18462	0.09244
111.22170	0.08740
111.25879	0.08243
111.29588	0.07782
111.33296	0.07407
111.37005	0.07217
111.40714	0.07259
111.44422	0.07403
111.48131	0.07542
111.51839	0.07637
111.55548	0.07679
111.59257	0.07664
111.62965	0.07594
111.66674	0.07472
111.70383	0.07309
111.74091	0.07120
111.77800	0.06929
111.81508	0.06764
111.85217	0.06650
111.88926	0.06608
111.92634	0.06645
111.96343	0.06753
112.00052	0.06912
112.03760	0.07093
112.07469	0.07268
112.11177	0.07411
112.14886	0.07497
112.18595	0.07511
112.22303	0.07436
112.26012	0.07260
112.29721	0.06974
112.33429	0.06573
112.37138	0.06060
112.40846	0.05446
112.44555	0.04759
112.48264	0.04042
112.51972	0.03355
112.55681	0.02767
112.59390	0.03014
112.63098	0.04087
112.66807	0.05223
112.70515	0.06363
112.74224	0.07464
112.77933	0.08490
112.81641	0.09415
112.85350	0.10215
112.89059	0.10874
112.92767	0.11380
112.96476	0.11723
113.00184	0.11897
113.03893	0.11901
113.07602	0.11741
113.11310	0.11431
113.15019	0.10998
113.18728	0.10485
113.22436	0.09959
113.26145	0.09499
113.29853	0.09187
113.33562	0.09094
113.37271	0.09280
113.40979	0.09789
113.44688	0.10618
113.48397	0.11692
113.52105	0.12887
113.55814	0.14072
113.59522	0.15144
113.63231	0.16027
113.66940	0.16676
113.70648	0.17075
113.74357	0.17232
113.78066	0.17176
113.81774	0.16949
113.85483	0.16600
113.89192	0.16175
113.92900	0.15710
113.96609	0.15226
114.00317	0.14727
114.04026	0.14203
114.07735	0.13645
114.11443	0.13331
114.15152	0.14210
114.18861	0.15376
114.22569	0.16694
114.26278	0.18159
114.29986	0.19768
114.33695	0.21512
114.37404	0.23378
114.41112	0.25347
114.44821	0.27392
114.48530	0.29481
114.52238	0.31572
114.55947	0.33616
114.59655	0.35571
114.63364	0.37417
114.67073	0.39188
114.70781	0.41017
114.74490	0.43169
114.78199	0.46042
114.81907	0.50025
114.85616	0.55279
114.89324	0.61655
114.93033	0.68806
114.96742	0.76324
115.00450	0.83793
115.04159	0.90815
115.07868	0.97012
115.11576	1.02036
115.15285	1.05586
115.18993	1.07423
115.22702	1.07399
115.26411	1.05490
115.30119	1.01840
115.33828	0.96812
115.37537	0.91053
115.41245	0.85623
115.44954	0.82560
115.48662	0.86432
115.52371	1.00761
115.56080	1.21606
115.59788	1.45047
115.63497	1.68863
115.67206	1.91446
115.70914	2.11590
115.74623	2.28674
115.78331	2.43023
115.82040	2.56404
115.85749	2.72600
115.89457	2.97957
115.93166	3.40814
115.96875	4.07570
116.00583	4.98702
116.04292	6.10419
116.08000	7.37620
116.11709	8.74857
116.15418	10.16411
116.19126	11.56337
116.22835	12.88610
116.26544	14.07359
116.30252	15.07164
116.33961	15.83359
116.37669	16.32340
116.41378	16.51829
116.45087	16.41108
116.48795	16.01180
116.52504	15.34889
116.56213	14.47019
116.59921	13.44497
116.63630	12.37137
116.67338	11.40151
116.71047	10.79684
116.74756	10.85612
116.78464	11.51530
116.82173	12.45352
116.85882	13.44465
116.89590	14.35746
116.93299	15.10599
116.97007	15.63065
117.00716	15.89245
117.04425	15.87083
117.08133	15.56231
117.11842	14.97887
117.15551	14.14599
117.19259	13.10023
117.22968	11.88636
117.26677	10.55438
117.30385	9.15630
117.34094	7.74310
117.37802	6.36190
117.41511	5.05369
117.45220	3.85182
117.48928	2.78190
117.52637	1.86549
117.56346	1.14307
117.60054	0.76107
117.63763	0.68645
117.67471	0.77342
117.71180	1.01492
117.74889	1.22323
117.78597	1.37120
117.82306	1.46470
117.86015	1.51275
117.89723	1.52411
117.93432	1.50666
117.97140	1.46725
118.00849	1.41167
118.04558	1.34467
118.08266	1.26997
118.11975	1.19037
118.15684	1.10782
118.19392	1.02362
118.23101	0.93867
118.26809	0.85372
118.30518	0.76952
118.34227	0.68692
118.37935	0.60689
118.41644	0.53044
118.45353	0.45869
118.49061	0.39302
118.52770	0.33573
118.56478	0.29013
118.60187	0.25515
118.63896	0.22421
118.67604	0.19415
118.71313	0.16534
118.75022	0.13918
118.78730	0.11774
118.82439	0.10555
118.86147	0.11136
118.89856	0.12991
118.93565	0.15012
118.97273	0.16841
119.00982	0.18359
119.04691	0.19499
119.08399	0.20207
119.12108	0.20445
119.15816	0.20192
119.19525	0.19456
119.23234	0.18276
119.26942	0.16722
119.30651	0.14892
119.34360	0.12905
119.38068	0.10899
119.41777	0.09031
119.45485	0.07522
119.49194	0.06834
119.52903	0.07101
119.56611	0.07745
119.60320	0.08491
119.64029	0.09239
119.67737	0.09931
119.71446	0.10537
119.75154	0.11042
119.78863	0.11446
119.82572	0.11755
119.86280	0.11978
119.89989	0.12115
119.93698	0.12152
119.97406	0.12072
120.01115	0.11861
120.04823	0.11513
120.08532	0.11037
120.12241	0.10452
120.15949	0.09786
120.19658	0.09074
120.23367	0.08379
120.27075	0.08922
120.30784	0.09727
120.34492	0.10402
120.38201	0.10926
120.41910	0.11283
120.45618	0.11470
120.49327	0.11488
120.53036	0.11346
120.56744	0.11060
120.60453	0.10648
120.64162	0.10134
120.67870	0.09544
120.71579	0.08904
120.75287	0.08238
120.78996	0.07569
120.82705	0.06920
120.86413	0.06323
120.90122	0.05875
120.93831	0.05869
120.97539	0.06372
121.01248	0.07049
121.04956	0.07746
121.08665	0.08408
121.12374	0.09004
121.16082	0.09517
121.19791	0.09937
121.23500	0.10263
121.27208	0.10506
121.30917	0.10690
121.34625	0.10853
121.38334	0.11039
121.42043	0.11291
121.45751	0.11620
121.49460	0.12000
121.53169	0.12374
121.56877	0.12684
121.60586	0.12878
121.64294	0.12922
121.68003	0.12802
121.71712	0.12531
121.75420	0.12144
121.79129	0.11709
121.82838	0.11321
121.86546	0.11091
121.90255	0.11126
121.93963	0.11487
121.97672	0.12166
122.01381	0.13088
122.05089	0.14146
122.08798	0.15227
122.12507	0.16229
122.16215	0.17073
122.19924	0.17700
122.23632	0.18079
122.27341	0.18198
122.31050	0.18068
122.34758	0.17718
122.38467	0.17187
122.42176	0.16521
122.45884	0.15763
122.49593	0.14947
122.53301	0.14100
122.57010	0.13240
122.60719	0.12382
122.64427	0.11541
122.68136	0.10729
122.71845	0.09958
122.75553	0.09234
122.79262	0.08556
122.82970	0.07914
122.86679	0.07295
122.90388	0.06685
122.94096	0.06083
122.97805	0.05505
123.01514	0.04987
123.05222	0.04582
123.08931	0.04343
123.12639	0.04298
123.16348	0.04437
123.20057	0.04714
123.23765	0.05066
123.27474	0.05437
123.31183	0.05781
123.34891	0.06077
123.38600	0.06317
123.42308	0.06509
123.46017	0.06670
123.49726	0.06820
123.53434	0.06976
123.57143	0.07149
123.60852	0.07341
123.64560	0.07542
123.68269	0.07739
123.71977	0.07912
123.75686	0.08042
123.79395	0.08112
123.83103	0.08112
123.86812	0.08032
123.90521	0.07875
123.94229	0.07649
123.97938	0.07378
124.01646	0.07112
124.05355	0.06936
124.09064	0.06962
124.12772	0.07247
124.16481	0.07758
124.20190	0.08414
124.23898	0.09144
124.27607	0.09899
124.31316	0.10639
124.35024	0.11335
124.38733	0.11958
124.42441	0.12485
124.46150	0.12892
124.49859	0.13159
124.53567	0.13267
124.57276	0.13206
124.60985	0.12979
124.64693	0.12604
124.68402	0.12120
124.72110	0.11590
124.75819	0.11101
124.79528	0.10760
124.83236	0.10670
124.86945	0.10900
124.90654	0.11447
124.94362	0.12242
124.98071	0.13178
125.01779	0.14143
125.05488	0.15039
125.09197	0.15782
125.12905	0.16310
125.16614	0.16579
125.20323	0.16560
125.24031	0.16245
125.27740	0.15641
125.31448	0.14769
125.35157	0.13664
125.38866	0.12373
125.42574	0.10946
125.46283	0.09440
125.49992	0.07912
125.53700	0.06422
125.57409	0.05040
125.61117	0.04044
125.64826	0.04136
125.68535	0.04615
125.72243	0.05169
125.75952	0.05730
125.79661	0.06257
125.83369	0.06733
125.87078	0.07164
125.90786	0.07582
125.94495	0.08018
125.98204	0.08483
126.01912	0.08946
126.05621	0.09354
126.09330	0.09656
126.13038	0.09810
126.16747	0.09788
126.20455	0.09573
126.24164	0.09160
126.27873	0.08553
126.31581	0.07770
126.35290	0.06836
126.38999	0.05792
126.42707	0.04692
126.46416	0.03624
126.50124	0.02752
126.53833	0.02286
126.57542	0.02225
126.61250	0.02522
126.64959	0.03186
126.68668	0.03932
126.72376	0.04624
126.76085	0.05238
126.79793	0.05785
126.83502	0.06281
126.87211	0.06743
126.90919	0.07176
126.94628	0.07577
126.98337	0.07931
127.02045	0.08219
127.05754	0.08418
127.09462	0.08510
127.13171	0.08480
127.16880	0.08322
127.20588	0.08043
127.24297	0.07663
127.28006	0.07227
127.31714	0.06808
127.35423	0.06515
127.39131	0.06441
127.42840	0.06583
127.46549	0.06856
127.50257	0.07174
127.53966	0.07478
127.57675	0.07728
127.61383	0.07900
127.65092	0.07978
127.68801	0.07958
127.72509	0.07847
127.76218	0.07660
127.79926	0.07419
127.83635	0.07151
127.87344	0.06883
127.91052	0.06638
127.94761	0.06428
127.98470	0.06256
128.02178	0.06118
128.05887	0.06001
128.09595	0.05897
128.13304	0.05800
128.17013	0.05711
128.20721	0.05638
128.24430	0.05585
128.28139	0.05555
128.31847	0.05538
128.35556	0.05522
128.39264	0.05490
128.42973	0.05434
128.46682	0.05356
128.50390	0.05269
128.54099	0.05180
128.57808	0.05079
128.61516	0.04948
128.65225	0.04783
128.68933	0.04598
128.72642	0.04430
128.76351	0.04344
128.80059	0.04412
128.83768	0.04661
128.87477	0.05034
128.91185	0.05436
128.94894	0.05792
128.98602	0.06052
129.02311	0.06192
129.06020	0.06208
129.09728	0.06131
129.13437	0.06065
129.17146	0.06186
129.20854	0.06512
129.24563	0.06904
129.28271	0.07267
129.31980	0.07553
129.35689	0.07736
129.39397	0.07798
129.43106	0.07725
129.46815	0.07508
129.50523	0.07147
129.54232	0.06683
129.57940	0.06472
129.61649	0.06995
129.65358	0.07632
129.69066	0.08205
129.72775	0.08685
129.76484	0.09068
129.80192	0.09360
129.83901	0.09575
129.87609	0.09737
129.91318	0.09870
129.95027	0.09991
129.98735	0.10094
130.02444	0.10158
130.06153	0.10150
130.09861	0.10049
130.13570	0.09845
130.17278	0.09543
130.20987	0.09156
130.24696	0.08703
130.28404	0.08204
130.32113	0.07678
130.35822	0.07139
130.39530	0.06593
130.43239	0.06044
130.46947	0.05489
130.50656	0.04925
130.54365	0.04348
130.58073	0.03765
130.61782	0.03189
130.65491	0.02648
130.69199	0.02188
130.72908	0.01927
130.76616	0.02097
130.80325	0.02720
130.84034	0.03542
130.87742	0.04413
130.91451	0.05256
130.95160	0.06017
130.98868	0.06652
131.02577	0.07123
131.06286	0.07401
131.09994	0.07465
131.13703	0.07307
131.17411	0.06932
131.21120	0.06361
131.24829	0.05626
131.28537	0.04778
131.32246	0.03888
131.35955	0.03072
131.39663	0.02524
131.43372	0.02395
131.47080	0.02598
131.50789	0.02983
131.54498	0.03419
131.58206	0.03813
131.61915	0.04120
131.65624	0.04329
131.69332	0.04458
131.73041	0.04540
131.76749	0.04612
131.80458	0.04710
131.84167	0.04847
131.87875	0.05023
131.91584	0.05227
131.95293	0.05449
131.99001	0.05676
132.02710	0.05902
132.06418	0.06117
132.10127	0.06314
132.13836	0.06483
132.17544	0.06614
132.21253	0.06698
132.24962	0.06719
132.28670	0.06659
132.32379	0.06504
132.36087	0.06252
132.39796	0.05922
132.43505	0.05551
132.47213	0.05188
132.50922	0.04891
132.54631	0.04713
132.58339	0.04677
132.62048	0.04766
132.65756	0.04932
132.69465	0.05120
132.73174	0.05288
132.76882	0.05411
132.80591	0.05479
132.84300	0.05491
132.88008	0.05449
132.91717	0.05361
132.95425	0.05241
132.99134	0.05108
133.02843	0.04985
133.06551	0.04893
133.10260	0.04853
133.13969	0.04876
133.17677	0.04964
133.21386	0.05099
133.25094	0.05252
133.28803	0.05387
133.32512	0.05476
133.36220	0.05499
133.39929	0.05446
133.43638	0.05312
133.47346	0.05101
133.51055	0.04824
133.54763	0.04498
133.58472	0.04147
133.62181	0.03789
133.65889	0.03435
133.69598	0.03097
133.73307	0.02819
133.77015	0.02701
133.80724	0.02871
133.84432	0.03383
133.88141	0.04185
133.91850	0.05190
133.95558	0.06320
133.99267	0.07509
134.02976	0.08702
134.06684	0.09849
134.10393	0.10907
134.14101	0.11838
134.17810	0.12610
134.21519	0.13197
134.25227	0.13581
134.28936	0.13750
134.32645	0.13700
134.36353	0.13434
134.40062	0.12958
134.43771	0.12287
134.47479	0.11442
134.51188	0.10448
134.54896	0.09339
134.58605	0.08163
134.62314	0.06984
134.66022	0.05900
134.69731	0.05088
134.73440	0.04893
134.77148	0.05500
134.80857	0.06597
134.84565	0.07929
134.88274	0.09356
134.91983	0.10789
134.95691	0.12159
134.99400	0.13408
135.03109	0.14487
135.06817	0.15353
135.10526	0.15967
135.14234	0.16304
135.17943	0.16347
135.21652	0.16093
135.25360	0.15553
135.29069	0.14754
135.32778	0.13737
135.36486	0.12555
135.40195	0.11272
135.43903	0.09958
135.47612	0.08683
135.51321	0.07516
135.55029	0.06512
135.58738	0.05705
135.62447	0.05101
135.66155	0.04667
135.69864	0.04352
135.73572	0.04101
135.77281	0.03883
135.80990	0.03690
135.84698	0.03538
135.88407	0.03490
135.92116	0.03717
135.95824	0.04354
135.99533	0.05238
136.03241	0.06210
136.06950	0.07187
136.10659	0.08118
136.14367	0.08959
136.18076	0.09678
136.21785	0.10247
136.25493	0.10646
136.29202	0.10862
136.32910	0.10889
136.36619	0.10731
136.40328	0.10399
136.44036	0.09913
136.47745	0.09306
136.51454	0.08625
136.55162	0.07943
136.58871	0.07377
136.62579	0.07084
136.66288	0.07171
136.69997	0.07580
136.73705	0.08180
136.77414	0.08871
136.81123	0.09585
136.84831	0.10280
136.88540	0.10930
136.92248	0.11518
136.95957	0.12037
136.99666	0.12490
137.03374	0.12878
137.07083	0.13204
137.10792	0.13465
137.14500	0.13651
137.18209	0.13745
137.21917	0.13729
137.25626	0.13589
137.29335	0.13313
137.33043	0.12904
137.36752	0.12373
137.40461	0.11744
137.44169	0.11048
137.47878	0.10323
137.51586	0.09607
137.55295	0.08929
137.59004	0.08307
137.62712	0.07745
137.66421	0.07237
137.70130	0.06775
137.73838	0.06351
137.77547	0.05957
137.81255	0.05589
137.84964	0.05245
137.88673	0.04928
137.92381	0.04651
137.96090	0.04421
137.99799	0.04240
138.03507	0.04099
138.07216	0.03993
138.10925	0.03934
138.14633	0.03972
138.18342	0.04197
138.22050	0.04629
138.25759	0.05156
138.29468	0.05670
138.33176	0.06110
138.36885	0.06446
138.40594	0.06660
138.44302	0.06741
138.48011	0.06681
138.51719	0.06472
138.55428	0.06109
138.59137	0.05585
138.62845	0.04902
138.66554	0.04066
138.70263	0.03098
138.73971	0.02054
138.77680	0.01207
138.81388	0.01134
138.85097	0.02027
138.88806	0.03233
138.92514	0.04395
138.96223	0.05458
138.99932	0.06390
139.03640	0.07173
139.07349	0.07804
139.11057	0.08290
139.14766	0.08647
139.18475	0.08896
139.22183	0.09056
139.25892	0.09138
139.29601	0.09147
139.33309	0.09081
139.37018	0.08929
139.40726	0.08680
139.44435	0.08327
139.48144	0.07870
139.51852	0.07323
139.55561	0.06739
139.59270	0.06367
139.62978	0.06398
139.66687	0.06513
139.70395	0.06604
139.74104	0.06653
139.77813	0.06659
139.81521	0.06634
139.85230	0.06593
139.88939	0.06560
139.92647	0.06557
139.96356	0.06600
140.00064	0.06686
140.03773	0.06809
140.07482	0.06983
140.11190	0.07359
140.14899	0.08408
140.18608	0.10237
140.22316	0.12520
140.26025	0.15103
140.29733	0.17905
140.33442	0.20850
140.37151	0.23852
140.40859	0.26811
140.44568	0.29615
140.48277	0.32146
140.51985	0.34282
140.55694	0.35910
140.59402	0.36931
140.63111	0.37272
140.66820	0.36890
140.70528	0.35787
140.74237	0.34009
140.77946	0.31665
140.81654	0.28945
140.85363	0.26170
140.89071	0.23910
140.92780	0.22982
140.96489	0.23742
141.00197	0.25654
141.03906	0.28097
141.07615	0.30684
141.11323	0.33167
141.15032	0.35362
141.18740	0.37135
141.22449	0.38391
141.26158	0.39068
141.29866	0.39144
141.33575	0.38621
141.37284	0.37531
141.40992	0.35928
141.44701	0.33889
141.48410	0.31506
141.52118	0.28892
141.55827	0.26181
141.59535	0.23565
141.63244	0.21520
141.66953	0.21554
141.70661	0.23750
141.74370	0.26275
141.78079	0.28494
141.81787	0.30197
141.85496	0.31281
141.89204	0.31698
141.92913	0.31446
141.96622	0.30558
142.00330	0.29109
142.04039	0.27200
142.07748	0.24965
142.11456	0.22566
142.15165	0.20198
142.18873	0.18099
142.22582	0.16530
142.26291	0.15690
142.29999	0.15578
142.33708	0.16018
142.37417	0.16793
142.41125	0.17730
142.44834	0.18695
142.48542	0.19586
142.52251	0.20320
142.55960	0.20835
142.59668	0.21081
142.63377	0.21025
142.67086	0.20651
142.70794	0.19957
142.74503	0.18958
142.78211	0.17687
142.81920	0.16193
142.85629	0.14538
142.89337	0.12804
142.93046	0.11088
142.96755	0.09515
143.00463	0.08243
143.04172	0.07420
143.07880	0.07043
143.11589	0.06924
143.15298	0.06869
143.19006	0.06762
143.22715	0.06553
143.26424	0.06238
143.30132	0.05841
143.33841	0.05412
143.37549	0.05008
143.41258	0.04665
143.44967	0.04408
143.48675	0.04289
143.52384	0.04435
143.56093	0.04977
143.59801	0.05838
143.63510	0.06836
143.67218	0.07845
143.70927	0.08795
143.74636	0.09640
143.78344	0.10350
143.82053	0.10905
143.85762	0.11293
143.89470	0.11509
143.93179	0.11552
143.96887	0.11431
144.00596	0.11157
144.04305	0.10753
144.08013	0.10251
144.11722	0.09707
144.15431	0.09208
144.19139	0.08886
144.22848	0.08852
144.26556	0.09092
144.30265	0.09487
144.33974	0.09917
144.37682	0.10296
144.41391	0.10568
144.45100	0.10700
144.48808	0.10672
144.52517	0.10479
144.56225	0.10131
144.59934	0.09648
144.63643	0.09064
144.67351	0.08419
144.71060	0.07759
144.74769	0.07131
144.78477	0.06581
144.82186	0.06138
144.85895	0.05816
144.89603	0.05604
144.93312	0.05472
144.97020	0.05385
145.00729	0.05311
145.04438	0.05233
145.08146	0.05144
145.11855	0.05051
145.15564	0.04971
145.19272	0.04923
145.22981	0.04921
145.26689	0.04959
145.30398	0.05019
145.34107	0.05070
145.37815	0.05084
145.41524	0.05037
145.45233	0.04917
145.48941	0.04728
145.52650	0.04510
145.56358	0.04397
145.60067	0.04549
145.63776	0.04861
145.67484	0.05182
145.71193	0.05456
145.74902	0.05669
145.78610	0.05825
145.82319	0.05946
145.86027	0.06062
145.89736	0.06214
145.93445	0.06430
145.97153	0.06717
146.00862	0.07062
146.04571	0.07440
146.08279	0.07827
146.11988	0.08202
146.15696	0.08548
146.19405	0.08847
146.23114	0.09082
146.26822	0.09237
146.30531	0.09295
146.34240	0.09243
146.37948	0.09075
146.41657	0.08800
146.45365	0.08447
146.49074	0.08078
146.52783	0.07785
146.56491	0.07653
146.60200	0.07703
146.63909	0.07891
146.67617	0.08155
146.71326	0.08450
146.75034	0.08743
146.78743	0.09012
146.82452	0.09244
146.86160	0.09425
146.89869	0.09542
146.93578	0.09584
146.97286	0.09540
147.00995	0.09409
147.04703	0.09190
147.08412	0.08889
147.12121	0.08513
147.15829	0.08065
147.19538	0.07548
147.23247	0.06958
147.26955	0.06300
147.30664	0.05585
147.34372	0.04864
147.38081	0.04278
147.41790	0.04055
147.45498	0.04190
147.49207	0.04489
147.52916	0.04846
147.56624	0.05212
147.60333	0.05558
147.64041	0.05858
147.67750	0.06086
147.71459	0.06224
147.75167	0.06263
147.78876	0.06209
147.82585	0.06079
147.86293	0.05897
147.90002	0.05688
147.93710	0.05477
147.97419	0.05281
148.01128	0.05115
148.04836	0.04996
148.08545	0.04948
148.12254	0.04986
148.15962	0.05092
148.19671	0.05230
148.23380	0.05373
148.27088	0.05496
148.30797	0.05574
148.34505	0.05586
148.38214	0.05512
148.41923	0.05338
148.45631	0.05060
148.49340	0.04682
148.53049	0.04222
148.56757	0.03710
148.60466	0.03200
148.64174	0.02778
148.67883	0.02572
148.71592	0.02663
148.75300	0.02986
148.79009	0.03430
148.82718	0.03928
148.86426	0.04445
148.90135	0.04967
148.93843	0.05488
148.97552	0.06007
149.01261	0.06522
149.04969	0.07031
149.08678	0.07527
149.12387	0.08008
149.16095	0.08472
149.19804	0.08925
149.23512	0.09372
149.27221	0.09817
149.30930	0.10261
149.34638	0.10695
149.38347	0.11102
149.42056	0.11459
149.45764	0.11741
149.49473	0.11925
149.53181	0.11995
149.56890	0.11944
149.60599	0.11781
149.64307	0.11525
149.68016	0.11206
149.71725	0.10864
149.75433	0.10531
149.79142	0.10233
149.82850	0.09976
149.86559	0.09746
149.90268	0.09513
149.93976	0.09242
149.97685	0.08899
150.01394	0.08457
150.05102	0.07902
150.08811	0.07234
150.12519	0.06469
150.16228	0.05651
150.19937	0.04883
150.23645	0.04395
150.27354	0.04341
150.31063	0.04507
150.34771	0.04717
150.38480	0.04946
150.42188	0.05247
150.45897	0.05704
150.49606	0.06339
150.53314	0.07083
150.57023	0.07852
150.60732	0.08589
150.64440	0.09260
150.68149	0.09842
150.71857	0.10316
150.75566	0.10665
150.79275	0.10874
150.82983	0.10928
150.86692	0.10812
150.90401	0.10514
150.94109	0.10027
150.97818	0.09349
151.01526	0.08487
151.05235	0.07461
151.08944	0.06309
151.12652	0.05135
151.16361	0.04307
151.20070	0.03755
151.23778	0.03209
151.27487	0.02659
151.31195	0.02222
151.34904	0.02895
151.38613	0.03741
151.42321	0.04409
151.46030	0.04882
151.49739	0.05165
151.53447	0.05274
151.57156	0.05231
151.60864	0.05064
151.64573	0.04804
151.68282	0.04479
151.71990	0.04115
151.75699	0.03728
151.79408	0.03331
151.83116	0.02946
151.86825	0.02810
151.90534	0.02899
151.94242	0.03017
151.97951	0.03160
152.01659	0.03330
152.05368	0.03522
152.09077	0.03727
152.12785	0.03932
152.16494	0.04125
152.20203	0.04297
152.23911	0.04446
152.27620	0.04577
152.31328	0.04700
152.35037	0.04832
152.38746	0.04988
152.42454	0.05183
152.46163	0.05429
152.49872	0.05724
152.53580	0.06054
152.57289	0.06398
152.60997	0.06732
152.64706	0.07038
152.68415	0.07302
152.72123	0.07513
152.75832	0.07666
152.79541	0.07754
152.83249	0.07773
152.86958	0.07722
152.90666	0.07599
152.94375	0.07405
152.98084	0.07145
153.01792	0.06824
153.05501	0.06453
153.09210	0.06044
153.12918	0.05613
153.16627	0.05174
153.20335	0.04742
153.24044	0.04331
153.27753	0.03954
153.31461	0.03628
153.35170	0.03382
153.38879	0.03260
153.42587	0.03303
153.46296	0.03491
153.50004	0.03754
153.53713	0.04036
153.57422	0.04306
153.61130	0.04551
153.64839	0.04772
153.68548	0.04972
153.72256	0.05159
153.75965	0.05335
153.79673	0.05493
153.83382	0.05622
153.87091	0.05707
153.90799	0.05731
153.94508	0.05688
153.98217	0.05580
154.01925	0.05429
154.05634	0.05275
154.09342	0.05171
154.13051	0.05157
154.16760	0.05251
154.20468	0.05452
154.24177	0.05749
154.27886	0.06127
154.31594	0.06553
154.35303	0.06985
154.39011	0.07374
154.42720	0.07677
154.46429	0.07867
154.50137	0.07928
154.53846	0.07859
154.57555	0.07673
154.61263	0.07389
154.64972	0.07033
154.68680	0.06637
154.72389	0.06241
154.76098	0.05897
154.79806	0.05677
154.83515	0.05661
154.87224	0.05910
154.90932	0.06439
154.94641	0.07223
154.98349	0.08215
155.02058	0.09350
155.05767	0.10557
155.09475	0.11762
155.13184	0.12893
155.16893	0.13884
155.20601	0.14681
155.24310	0.15241
155.28019	0.15535
155.31727	0.15555
155.35436	0.15308
155.39144	0.14822
155.42853	0.14146
155.46562	0.13345
155.50270	0.12508
155.53979	0.11740
155.57688	0.11158
155.61396	0.10869
155.65105	0.10919
155.68813	0.11278
155.72522	0.11859
155.76231	0.12565
155.79939	0.13314
155.83648	0.14040
155.87357	0.14695
155.91065	0.15241
155.94774	0.15648
155.98482	0.15895
156.02191	0.15964
156.05900	0.15846
156.09608	0.15540
156.13317	0.15051
156.17026	0.14397
156.20734	0.13602
156.24443	0.12700
156.28151	0.11730
156.31860	0.10735
156.35569	0.09753
156.39277	0.08818
156.42986	0.07948
156.46695	0.07155
156.50403	0.06471
156.54112	0.06022
156.57820	0.05867
156.61529	0.05903
156.65238	0.06071
156.68946	0.06336
156.72655	0.06662
156.76364	0.07015
156.80072	0.07362
156.83781	0.07677
156.87489	0.07945
156.91198	0.08164
156.94907	0.08345
156.98615	0.08507
157.02324	0.08670
157.06033	0.08853
157.09741	0.09070
157.13450	0.09330
157.17158	0.09639
157.20867	0.09994
157.24576	0.10378
157.28284	0.10768
157.31993	0.11137
157.35702	0.11458
157.39410	0.11713
157.43119	0.11892
157.46827	0.11992
157.50536	0.12019
157.54245	0.11979
157.57953	0.11886
157.61662	0.11750
157.65371	0.11585
157.69079	0.11404
157.72788	0.11222
157.76496	0.11048
157.80205	0.10896
157.83914	0.10772
157.87622	0.10683
157.91331	0.10637
157.95040	0.10643
157.98748	0.10716
158.02457	0.10878
158.06165	0.11152
158.09874	0.11552
158.13583	0.12075
158.17291	0.12698
158.21000	0.13379
158.24709	0.14071
158.28417	0.14724
158.32126	0.15290
158.35834	0.15725
158.39543	0.15989
158.43252	0.16045
158.46960	0.15861
158.50669	0.15412
158.54378	0.14675
158.58086	0.13636
158.61795	0.12292
158.65504	0.10656
158.69212	0.08843
158.72921	0.08363
158.76629	0.09078
158.80338	0.09768
158.84047	0.10312
158.87755	0.10670
158.91464	0.10895
158.95173	0.11380
158.98881	0.12656
159.02590	0.14137
159.06298	0.15283
159.10007	0.15885
159.13716	0.15828
159.17424	0.15045
159.21133	0.13522
159.24842	0.11542
159.28550	0.12405
159.32259	0.15300
159.35967	0.18102
159.39676	0.20559
159.43385	0.22578
159.47093	0.24290
159.50802	0.29548
159.54511	0.38128
159.58219	0.47494
159.61928	0.57454
159.65636	0.67858
159.69345	0.78507
159.73054	0.89140
159.76762	0.99443
159.80471	1.09058
159.84180	1.17610
159.87888	1.24729
159.91597	1.30086
159.95305	1.33416
159.99014	1.34549
160.02723	1.33435
160.06431	1.30163
160.10140	1.24992
160.13849	1.18385
160.17557	1.11092
160.21266	1.04361
160.24974	1.00277
160.28683	1.01296
160.32392	1.07643
160.36100	1.17070
160.39809	1.27461
160.43518	1.37475
160.47226	1.46226
160.50935	1.53084
160.54643	1.57594
160.58352	1.59462
160.62061	1.58546
160.65769	1.54848
160.69478	1.48510
160.73187	1.39795
160.76895	1.29077
160.80604	1.16816
160.84312	1.03536
160.88021	0.89805
160.91730	0.76229
160.95438	0.63488
160.99147	0.52609
161.02856	0.45930
161.06564	0.44361
161.10273	0.44460
161.13981	0.44623
161.17690	0.44405
161.21399	0.43608
161.25107	0.42125
161.28816	0.39925
161.32525	0.37047
161.36233	0.33592
161.39942	0.29706
161.43650	0.25574
161.47359	0.21504
161.51068	0.19485
161.54776	0.20375
161.58485	0.21378
161.62194	0.22168
161.65902	0.22689
161.69611	0.22921
161.73319	0.22866
161.77028	0.22539
161.80737	0.21968
161.84445	0.21181
161.88154	0.20211
161.91863	0.19086
161.95571	0.17832
161.99280	0.16479
162.02989	0.15063
162.06697	0.13624
162.10406	0.12218
162.14114	0.10904
162.17823	0.09746
162.21532	0.08797
162.25240	0.08092
162.28949	0.07637
162.32658	0.07412
162.36366	0.07371
162.40075	0.07448
162.43783	0.07575
162.47492	0.07698
162.51201	0.07787
162.54909	0.07838
162.58618	0.07889
162.62327	0.08033
162.66035	0.08371
162.69744	0.08891
162.73452	0.09494
162.77161	0.10102
162.80870	0.10673
162.84578	0.11183
162.88287	0.11613
162.91996	0.11948
162.95704	0.12174
162.99413	0.12280
163.03121	0.12261
163.06830	0.12116
163.10539	0.11851
163.14247	0.11480
163.17956	0.11022
163.21665	0.10499
163.25373	0.09937
163.29082	0.09366
163.32790	0.08812
163.36499	0.08308
163.40208	0.07882
163.43916	0.07560
163.47625	0.07356
163.51334	0.07275
163.55042	0.07304
163.58751	0.07416
163.62459	0.07578
163.66168	0.07753
163.69877	0.07909
163.73585	0.08020
163.77294	0.08070
163.81003	0.08054
163.84711	0.07972
163.88420	0.07829
163.92128	0.07634
163.95837	0.07398
163.99546	0.07150
164.03254	0.06951
164.06963	0.06883
164.10672	0.06974
164.14380	0.07189
164.18089	0.07500
164.21797	0.07895
164.25506	0.08382
164.29215	0.08969
164.32923	0.09656
164.36632	0.10428
164.40341	0.11245
164.44049	0.12051
164.47758	0.12785
164.51466	0.13390
164.55175	0.13816
164.58884	0.14025
164.62592	0.13991
164.66301	0.13699
164.70010	0.13150
164.73718	0.12357
164.77427	0.11349
164.81135	0.10174
164.84844	0.08914
164.88553	0.07739
164.92261	0.07018
164.95970	0.06958
164.99679	0.07179
165.03387	0.07391
165.07096	0.07494
165.10804	0.07458
165.14513	0.07295
165.18222	0.07058
165.21930	0.06860
165.25639	0.06835
165.29348	0.06967
165.33056	0.07142
165.36765	0.07293
165.40473	0.07400
165.44182	0.07461
165.47891	0.07473
165.51599	0.07438
165.55308	0.07359
165.59017	0.07246
165.62725	0.07118
165.66434	0.06992
165.70143	0.06872
165.73851	0.06739
165.77560	0.06556
165.81268	0.06289
165.84977	0.05915
165.88686	0.05427
165.92394	0.04835
165.96103	0.04174
165.99812	0.03556
166.03520	0.03459
166.07229	0.03829
166.10937	0.04281
166.14646	0.04776
166.18355	0.05310
166.22063	0.05870
166.25772	0.06431
166.29481	0.06967
166.33189	0.07457
166.36898	0.07882
166.40606	0.08228
166.44315	0.08481
166.48024	0.08638
166.51732	0.08701
166.55441	0.08692
166.59150	0.08651
166.62858	0.08634
166.66567	0.08683
166.70275	0.08803
166.73984	0.08954
166.77693	0.09092
166.81401	0.09184
166.85110	0.09215
166.88819	0.09183
166.92527	0.09096
166.96236	0.08972
166.99944	0.08833
167.03653	0.08709
167.07362	0.08642
167.11070	0.08681
167.14779	0.08864
167.18488	0.09184
167.22196	0.09588
167.25905	0.10007
167.29613	0.10383
167.33322	0.10669
167.37031	0.10833
167.40739	0.10852
167.44448	0.10716
167.48157	0.10426
167.51865	0.09992
167.55574	0.09435
167.59282	0.08782
167.62991	0.08068
167.66700	0.07329
167.70408	0.06600
167.74117	0.05913
167.77826	0.05293
167.81534	0.04753
167.85243	0.04297
167.88951	0.03914
167.92660	0.03590
167.96369	0.03319
168.00077	0.03122
168.03786	0.03080
168.07495	0.03202
168.11203	0.03373
168.14912	0.03516
168.18620	0.03602
168.22329	0.03624
168.26038	0.03595
168.29746	0.03549
168.33455	0.03567
168.37164	0.03765
168.40872	0.04150
168.44581	0.04599
168.48289	0.05024
168.51998	0.05381
168.55707	0.05647
168.59415	0.05810
168.63124	0.05867
168.66833	0.05820
168.70541	0.05674
168.74250	0.05434
168.77958	0.05109
168.81667	0.04704
168.85376	0.04224
168.89084	0.03674
168.92793	0.03063
168.96502	0.02459
169.00210	0.02532
169.03919	0.03228
169.07628	0.04026
169.11336	0.04861
169.15045	0.05710
169.18753	0.06552
169.22462	0.07375
169.26171	0.08164
169.29879	0.08905
169.33588	0.09577
169.37297	0.10157
169.41005	0.10622
169.44714	0.10955
169.48422	0.11150
169.52131	0.11207
169.55840	0.11129
169.59548	0.10922
169.63257	0.10592
169.66966	0.10143
169.70674	0.09586
169.74383	0.08938
169.78091	0.08233
169.81800	0.07537
169.85509	0.06993
169.89217	0.06876
169.92926	0.07361
169.96635	0.08223
170.00343	0.09201
