200.00622	0.26760
199.96913	0.25759
199.93205	0.24512
199.89496	0.23234
199.85787	0.21952
199.82079	0.20580
199.78370	0.19034
199.74661	0.17288
199.70953	0.15380
199.67244	0.13381
199.63536	0.11356
199.59827	0.09365
199.56118	0.07489
199.52410	0.05872
199.48701	0.04736
199.44992	0.04355
199.41284	0.04987
199.37575	0.06777
199.33867	0.09203
199.30158	0.12355
199.26449	0.15889
199.22741	0.19338
199.19032	0.22233
199.15323	0.24238
199.11615	0.25235
199.07906	0.25353
199.04198	0.24896
199.00489	0.24221
198.96780	0.23592
198.93072	0.23068
198.89363	0.22487
198.85654	0.21554
198.81946	0.20005
198.78237	0.17794
198.74529	0.15204
198.70820	0.12821
198.67111	0.11354
198.63403	0.11365
198.59694	0.13008
198.55985	0.15908
198.52277	0.19243
198.48568	0.22010
198.44860	0.23374
198.41151	0.22952
198.37442	0.20918
198.33734	0.17891
198.30025	0.14673
198.26316	0.11964
198.22608	0.10176
198.18899	0.09410
198.15191	0.09733
198.11482	0.10764
198.07773	0.12264
198.04065	0.13970
198.00356	0.15531
197.96647	0.16498
197.92939	0.16431
197.89230	0.15107
197.85522	0.12708
197.81813	0.09871
197.78104	0.07487
197.74396	0.06316
197.70687	0.06562
197.66978	0.07653
197.63270	0.08369
197.59561	0.07322
197.55853	0.03600
197.52144	-0.02722
197.48435	-0.10457
197.44727	-0.17668
197.41018	-0.22372
197.37309	-0.23306
197.33601	-0.20409
197.29892	-0.14809
197.26184	-0.08340
197.22475	-0.02807
197.18766	0.00682
197.15058	0.02035
197.11349	0.02046
197.07640	0.01923
197.03932	0.02716
197.00223	0.04891
196.96515	0.08281
196.92806	0.12053
196.89097	0.15255
196.85389	0.17145
196.81680	0.17418
196.77971	0.16214
196.74263	0.13972
196.70554	0.11232
196.66846	0.08474
196.63137	0.06038
196.59428	0.04103
196.55720	0.02711
196.52011	0.01803
196.48302	0.01253
196.44594	0.00924
196.40885	0.00722
196.37176	0.00647
196.33468	0.00794
196.29759	0.01301
196.26051	0.02261
196.22342	0.03638
196.18633	0.05241
196.14925	0.06779
196.11216	0.07969
196.07507	0.08644
196.03799	0.08799
196.00090	0.08552
195.96382	0.08048
195.92673	0.07370
195.88964	0.06528
195.85256	0.05531
195.81547	0.04511
195.77838	0.03782
195.74130	0.03868
195.70421	0.05237
195.66713	0.08078
195.63004	0.12120
195.59295	0.16626
195.55587	0.20597
195.51878	0.23111
195.48169	0.23649
195.44461	0.22247
195.40752	0.19416
195.37044	0.15876
195.33335	0.12236
195.29626	0.08799
195.25918	0.05574
195.22209	0.02473
195.18500	-0.00449
195.14792	-0.02847
195.11083	-0.04160
195.07375	-0.03859
195.03666	-0.01751
194.99957	0.01839
194.96249	0.06129
194.92540	0.10170
194.88831	0.13232
194.85123	0.15096
194.81414	0.16091
194.77706	0.16863
194.73997	0.17998
194.70288	0.19700
194.66580	0.21703
194.62871	0.23487
194.59162	0.25578
194.55454	0.27115
194.51745	0.28947
194.48037	0.32251
194.44328	0.37678
194.40619	0.44608
194.36911	0.51055
194.33202	0.54365
194.29493	0.52399
194.25785	0.44575
194.22076	0.32204
194.18368	0.17940
194.14659	0.04671
194.10950	-0.05575
194.07242	-0.12147
194.03533	-0.15567
193.99824	-0.16856
193.96116	-0.16855
193.92407	-0.15935
193.88699	-0.14145
193.84990	-0.11564
193.81281	-0.08539
193.77573	-0.05611
193.73864	-0.03217
193.70155	-0.01411
193.66447	0.00164
193.62738	0.02027
193.59030	0.04516
193.55321	0.07586
193.51612	0.10884
193.47904	0.14019
193.44195	0.16817
193.40486	0.18633
193.36778	0.20793
193.33069	0.23348
193.29361	0.26033
193.25652	0.28393
193.21943	0.30052
193.18235	0.30962
193.14526	0.31463
193.10817	0.32107
193.07109	0.33329
193.03400	0.35150
192.99692	0.37081
192.95983	0.38289
192.92274	0.37965
192.88566	0.35692
192.84857	0.31649
192.81148	0.26543
192.77440	0.21317
192.73731	0.16784
192.70022	0.13357
192.66314	0.11000
192.62605	0.09375
192.58897	0.08113
192.55188	0.07042
192.51479	0.06277
192.47771	0.06148
192.44062	0.07011
192.40353	0.09034
192.36645	0.12065
192.32936	0.15614
192.29228	0.18958
192.25519	0.21333
192.21810	0.22153
192.18102	0.21197
192.14393	0.18680
192.10684	0.15238
192.06976	0.11778
192.03267	0.09234
191.99559	0.08287
191.95850	0.09142
191.92141	0.11460
191.88433	0.14465
191.84724	0.17192
191.81015	0.18798
191.77307	0.18797
191.73598	0.17145
191.69890	0.14170
191.66181	0.10389
191.62472	0.06331
191.58764	0.02450
191.55055	-0.00878
191.51346	-0.03284
191.47638	-0.04379
191.43929	-0.03814
191.40221	-0.01426
191.36512	0.02604
191.32803	0.07686
191.29095	0.12917
191.25386	0.17323
191.21677	0.20169
191.17969	0.21184
191.14260	0.20616
191.10552	0.19084
191.06843	0.17321
191.03134	0.15908
190.99426	0.15132
190.95717	0.15018
190.92008	0.15465
190.88300	0.16401
190.84591	0.17858
190.80883	0.19925
190.77174	0.22616
190.73465	0.25746
190.69757	0.28896
190.66048	0.31501
190.62339	0.33033
190.58631	0.33182
190.54922	0.31966
190.51214	0.29707
190.47505	0.26908
190.43796	0.24076
190.40088	0.21570
190.36379	0.19530
190.32670	0.17877
190.28962	0.16393
190.25253	0.14812
190.21545	0.12924
190.17836	0.10651
190.14127	0.08101
190.10419	0.05574
190.06710	0.03500
190.03001	0.02328
189.99293	0.02351
189.95584	0.03566
189.91876	0.05602
189.88167	0.07788
189.84458	0.09228
189.80750	0.09444
189.77041	0.08293
189.73332	0.06163
189.69624	0.03800
189.65915	0.01994
189.62207	0.01248
189.58498	0.01586
189.54789	0.02580
189.51081	0.03570
189.47372	0.03975
189.43663	0.03550
189.39955	0.02463
189.36246	0.01190
189.32537	0.00270
189.28829	0.00055
189.25120	0.00561
189.21412	0.01489
189.17703	0.02381
189.13994	0.02847
189.10286	0.02738
189.06577	0.02202
189.02868	0.01607
188.99160	0.01356
188.95451	0.01712
188.91743	0.02677
188.88034	0.04017
188.84325	0.05378
188.80617	0.06461
188.76908	0.07159
188.73199	0.07582
188.69491	0.07960
188.65782	0.08223
188.62074	0.08577
188.58365	0.08929
188.54656	0.09061
188.50948	0.08729
188.47239	0.07778
188.43530	0.06242
188.39822	0.04362
188.36113	0.02510
188.32405	0.01049
188.28696	0.00179
188.24987	-0.00150
188.21279	-0.00210
188.17570	-0.00372
188.13861	-0.00924
188.10153	-0.01925
188.06444	-0.03162
188.02736	-0.04227
187.99027	-0.04676
187.95318	-0.04191
187.91610	-0.02678
187.87901	-0.00265
187.84192	0.02778
187.80484	0.06133
187.76775	0.09490
187.73067	0.12548
187.69358	0.14981
187.65649	0.16435
187.61941	0.16596
187.58232	0.15313
187.54523	0.12721
187.50815	0.09285
187.47106	0.05700
187.43398	0.02684
187.39689	0.00787
187.35980	0.00217
187.32272	0.00822
187.28563	0.02227
187.24854	0.04033
187.21146	0.05976
187.17437	0.07963
187.13729	0.09984
187.10020	0.11981
187.06311	0.13776
187.02603	0.15127
186.98894	0.15869
186.95185	0.16056
186.91477	0.15976
186.87768	0.16007
186.84060	0.16355
186.80351	0.16854
186.76642	0.16941
186.72934	0.15898
186.69225	0.13239
186.65516	0.09079
186.61808	0.04244
186.58099	0.00045
186.54391	-0.02212
186.50682	-0.01777
186.46973	0.01220
186.43265	0.05806
186.39556	0.10574
186.35847	0.14241
186.32139	0.16116
186.28430	0.16222
186.24722	0.15171
186.21013	0.13729
186.17304	0.12408
186.13596	0.11272
186.09887	0.10013
186.06178	0.08224
186.02470	0.05698
185.98761	0.02578
185.95052	-0.00703
185.91344	-0.03618
185.87635	-0.05769
185.83927	-0.07004
185.80218	-0.07388
185.76509	-0.07073
185.72801	-0.06174
185.69092	-0.04714
185.65383	-0.02681
185.61675	-0.00131
185.57966	0.02730
185.54258	0.05554
185.50549	0.07933
185.46840	0.09538
185.43132	0.10220
185.39423	0.10046
185.35714	0.09260
185.32006	0.08198
185.28297	0.07196
185.24589	0.06525
185.20880	0.06350
185.17171	0.06713
185.13463	0.07536
185.09754	0.08678
185.06045	0.09800
185.02337	0.10648
184.98628	0.11078
184.94920	0.11095
184.91211	0.10849
184.87502	0.10571
184.83794	0.10473
184.80085	0.10683
184.76376	0.11216
184.72668	0.12017
184.68959	0.13018
184.65251	0.14181
184.61542	0.15499
184.57833	0.16952
184.54125	0.18463
184.50416	0.19881
184.46707	0.21034
184.42999	0.21805
184.39290	0.22207
184.35582	0.22394
184.31873	0.22600
184.28164	0.23029
184.24456	0.23753
184.20747	0.24660
184.17038	0.25500
184.13330	0.25985
184.09621	0.25904
184.05913	0.25203
184.02204	0.23989
183.98495	0.22485
183.94787	0.20940
183.91078	0.19573
183.87369	0.18411
183.83661	0.17415
183.79952	0.16432
183.76244	0.15244
183.72535	0.13638
183.68826	0.11504
183.65118	0.08918
183.61409	0.06183
183.57700	0.03772
183.53992	0.02183
183.50283	0.01736
183.46575	0.02422
183.42866	0.03861
183.39157	0.05437
183.35449	0.06544
183.31740	0.06859
183.28031	0.06490
183.24323	0.05935
183.20614	0.05859
183.16906	0.06783
183.13197	0.08857
183.09488	0.11804
183.05780	0.15057
183.02071	0.18014
182.98362	0.20265
182.94654	0.21680
182.90945	0.22347
182.87237	0.22415
182.83528	0.21966
182.79819	0.21002
182.76111	0.19555
182.72402	0.18063
182.68693	0.16690
182.64985	0.15959
182.61276	0.16348
182.57567	0.18080
182.53859	0.20971
182.50150	0.24426
182.46442	0.27603
182.42733	0.29675
182.39024	0.30073
182.35316	0.28632
182.31607	0.25578
182.27898	0.21398
182.24190	0.16669
182.20481	0.11922
182.16773	0.07581
182.13064	0.03965
182.09355	0.01300
182.05647	-0.00277
182.01938	-0.00753
181.98229	-0.00263
181.94521	0.00930
181.90812	0.02513
181.87104	0.04229
181.83395	0.05970
181.79686	0.07784
181.75978	0.09805
181.72269	0.12125
181.68560	0.14691
181.64852	0.17280
181.61143	0.19582
181.57435	0.21327
181.53726	0.22682
181.50017	0.23369
181.46309	0.23543
181.42600	0.23342
181.38891	0.22775
181.35183	0.21713
181.31474	0.20002
181.27766	0.17626
181.24057	0.14825
181.20348	0.12087
181.16640	0.09990
181.12931	0.08951
181.09222	0.09031
181.05514	0.09866
181.01805	0.10800
180.98097	0.11140
180.94388	0.10445
180.90679	0.08701
180.86971	0.06330
180.83262	0.04028
180.79553	0.02510
180.75845	0.02284
180.72136	0.03512
180.68428	0.06019
180.64719	0.09387
180.61010	0.13108
180.57302	0.16700
180.53593	0.19783
180.49884	0.22089
180.46176	0.23432
180.42467	0.23686
180.38759	0.22763
180.35050	0.20606
180.31341	0.17161
180.27633	0.12799
180.23924	0.08112
180.20215	0.03837
180.16507	0.00706
180.12798	-0.00758
180.09090	-0.00420
180.05381	0.01401
180.01672	0.04035
179.97964	0.06698
179.94255	0.08783
179.90546	0.10068
179.86838	0.10733
179.83129	0.11196
179.79421	0.11858
179.75712	0.12894
179.72003	0.14204
179.68295	0.15547
179.64586	0.16731
179.60877	0.17758
179.57169	0.18805
179.53460	0.20094
179.49752	0.21753
179.46043	0.23811
179.42334	0.26354
179.38626	0.29726
179.34917	0.34584
179.31208	0.41650
179.27500	0.51184
179.23791	0.62425
179.20082	0.73341
179.16374	0.80231
179.12665	0.80039
179.08957	0.71169
179.05248	0.54490
179.01539	0.33352
178.97831	0.12585
178.94122	-0.03162
178.90413	-0.11001
178.86705	-0.10638
178.82996	-0.04159
178.79288	0.05059
178.75579	0.13728
178.71870	0.19728
178.68162	0.22497
178.64453	0.22726
178.60744	0.21665
178.57036	0.20422
178.53327	0.19532
178.49619	0.18896
178.45910	0.17995
178.42201	0.16244
178.38493	0.13325
178.34784	0.09401
178.31075	0.05140
178.27367	0.01519
178.23658	-0.00543
178.19950	-0.00595
178.16241	0.01103
178.12532	0.03649
178.08824	0.05914
178.05115	0.07101
178.01406	0.07167
177.97698	0.06691
177.93989	0.06935
177.90281	0.08291
177.86572	0.10557
177.82863	0.13009
177.79155	0.14759
177.75446	0.15192
177.71737	0.14272
177.68029	0.12567
177.64320	0.11009
177.60612	0.10535
177.56903	0.11792
177.53194	0.15004
177.49486	0.19998
177.45777	0.26296
177.42068	0.33180
177.38360	0.39741
177.34651	0.44970
177.30943	0.47971
177.27234	0.48277
177.23525	0.46133
177.19817	0.42553
177.16108	0.39023
177.12399	0.36919
177.08691	0.36889
177.04982	0.38536
177.01274	0.40601
176.97565	0.41594
176.93856	0.40560
176.90148	0.37555
176.86439	0.33586
176.82730	0.30039
176.79022	0.27953
176.75313	0.27586
176.71605	0.28501
176.67896	0.30130
176.64187	0.32389
176.60479	0.35890
176.56770	0.41532
176.53061	0.49685
176.49353	0.59490
176.45644	0.68808
176.41936	0.75001
176.38227	0.76196
176.34518	0.72349
176.30810	0.65434
176.27101	0.58575
176.23392	0.54545
176.19684	0.54524
176.15975	0.57894
176.12267	0.63286
176.08558	0.70310
176.04849	0.80841
176.01141	0.98879
175.97432	1.28663
175.93723	1.71792
175.90015	2.24789
175.86306	2.78589
175.82598	3.20619
175.78889	3.38892
175.75180	3.26482
175.71472	2.84422
175.67763	2.21681
175.64054	1.52175
175.60346	0.89904
175.56637	0.45029
175.52928	0.20873
175.49220	0.14379
175.45511	0.18672
175.41803	0.26471
175.38094	0.32790
175.34385	0.35951
175.30677	0.36906
175.26968	0.37611
175.23259	0.39490
175.19551	0.42731
175.15842	0.46512
175.12134	0.49763
175.08425	0.51846
175.04716	0.52766
175.01008	0.52876
174.97299	0.52427
174.93590	0.51305
174.89882	0.49147
174.86173	0.45724
174.82465	0.41286
174.78756	0.36600
174.75047	0.32654
174.71339	0.30178
174.67630	0.29313
174.63921	0.29607
174.60213	0.30337
174.56504	0.30943
174.52796	0.31306
174.49087	0.31722
174.45378	0.32615
174.41670	0.34220
174.37961	0.36344
174.34252	0.38494
174.30544	0.40144
174.26835	0.40999
174.23127	0.41075
174.19418	0.40569
174.15709	0.39637
174.12001	0.38251
174.08292	0.36253
174.04583	0.33580
174.00875	0.30478
173.97166	0.27563
173.93458	0.25627
173.89749	0.25293
173.86040	0.26692
173.82332	0.29367
173.78623	0.32448
173.74914	0.35003
173.71206	0.36399
173.67497	0.36472
173.63789	0.35479
173.60080	0.33897
173.56371	0.32215
173.52663	0.30839
173.48954	0.30097
173.45245	0.30274
173.41537	0.31580
173.37828	0.34007
173.34120	0.37176
173.30411	0.40292
173.26702	0.42312
173.22994	0.42342
173.19285	0.39400
173.15576	0.33982
173.11868	0.27385
173.08159	0.21163
173.04451	0.16436
173.00742	0.13454
172.97033	0.11665
172.93325	0.10267
172.89616	0.08876
172.85907	0.07860
172.82199	0.08062
172.78490	0.10030
172.74782	0.13218
172.71073	0.15724
172.67364	0.14856
172.63656	0.08366
172.59947	-0.04253
172.56238	-0.21103
172.52530	-0.38286
172.48821	-0.51262
172.45113	-0.56556
172.41404	-0.53032
172.37695	-0.42171
172.33987	-0.27288
172.30278	-0.12142
172.26569	0.00374
172.22861	0.08919
172.19152	0.13611
172.15443	0.15406
172.11735	0.15413
172.08026	0.14507
172.04318	0.12861
172.00609	0.12023
171.96900	0.12687
171.93192	0.15250
171.89483	0.19529
171.85774	0.24677
171.82066	0.29443
171.78357	0.32681
171.74649	0.33836
171.70940	0.33126
171.67231	0.31334
171.63523	0.29359
171.59814	0.27799
171.56105	0.26800
171.52397	0.26199
171.48688	0.25823
171.44980	0.25704
171.41271	0.26073
171.37562	0.27153
171.33854	0.28902
171.30145	0.30896
171.26436	0.32436
171.22728	0.32819
171.19019	0.31645
171.15311	0.29003
171.11602	0.25476
171.07893	0.21983
171.04185	0.19526
171.00476	0.18917
170.96767	0.20544
170.93059	0.24209
170.89350	0.29106
170.85642	0.33974
170.81933	0.37556
170.78224	0.38886
170.74516	0.37553
170.70807	0.33821
170.67098	0.28536
170.63390	0.22844
170.59681	0.17837
170.55973	0.14257
170.52264	0.12379
170.48555	0.12066
170.44847	0.12924
170.41138	0.14468
170.37429	0.16196
170.33721	0.17605
170.30012	0.18190
170.26304	0.17518
170.22595	0.15377
170.18886	0.11944
170.15178	0.07842
170.11469	0.04021
170.07760	0.01449
170.04052	0.00736
170.00343	0.01872
169.96635	0.04199
169.92926	0.06655
169.89217	0.08192
169.85509	0.08173
169.81800	0.06593
169.78091	0.04051
169.74383	0.01497
169.70674	-0.00107
169.66966	0.00717
169.63257	0.03363
169.59548	0.07245
169.55840	0.11359
169.52131	0.14633
169.48422	0.16261
169.44714	0.15920
169.41005	0.13825
169.37297	0.10631
169.33588	0.07231
169.29879	0.04498
169.26171	0.03054
169.22462	0.03129
169.18753	0.04568
169.15045	0.06967
169.11336	0.09865
169.07628	0.12865
169.03919	0.15633
169.00210	0.17791
168.96502	0.18816
168.92793	0.18101
168.89084	0.15203
168.85376	0.10189
168.81667	0.03851
168.77958	-0.02393
168.74250	-0.06926
168.70541	-0.08523
168.66833	-0.06788
168.63124	-0.02216
168.59415	0.04138
168.55707	0.11160
168.51998	0.18042
168.48289	0.23564
168.44581	0.28586
168.40872	0.32720
168.37164	0.35371
168.33455	0.35949
168.29746	0.34211
168.26038	0.30551
168.22329	0.26000
168.18620	0.21892
168.14912	0.19349
168.11203	0.18836
168.07495	0.20035
168.03786	0.22107
168.00077	0.24167
167.96369	0.25718
167.92660	0.26801
167.88951	0.27801
167.85243	0.29081
167.81534	0.30689
167.77826	0.32315
167.74117	0.33529
167.70408	0.34098
167.66700	0.34173
167.62991	0.34194
167.59282	0.34579
167.55574	0.35401
167.51865	0.36271
167.48157	0.36527
167.44448	0.35605
167.40739	0.33375
167.37031	0.30229
167.33322	0.26875
167.29613	0.24001
167.25905	0.21880
167.22196	0.20473
167.18488	0.19601
167.14779	0.19202
167.11070	0.19446
167.07362	0.20625
167.03653	0.22868
166.99944	0.25901
166.96236	0.29039
166.92527	0.31455
166.88819	0.32594
166.85110	0.32478
166.81401	0.31697
166.77693	0.31059
166.73984	0.31096
166.70275	0.31708
166.66567	0.32187
166.62858	0.31605
166.59150	0.29358
166.55441	0.25554
166.51732	0.21003
166.48024	0.16831
166.44315	0.13930
166.40606	0.12584
166.36898	0.12458
166.33189	0.12940
166.29481	0.13591
166.25772	0.14422
166.22063	0.15812
166.18355	0.18142
166.14646	0.21393
166.10937	0.23849
166.07229	0.25902
166.03520	0.26872
165.99812	0.26413
165.96103	0.24702
165.92394	0.22371
165.88686	0.20238
165.84977	0.18959
165.81268	0.18788
165.77560	0.19537
165.73851	0.20744
165.70143	0.21921
165.66434	0.22759
165.62725	0.23159
165.59017	0.23134
165.55308	0.22650
165.51599	0.21545
165.47891	0.19597
165.44182	0.16716
165.40473	0.13122
165.36765	0.09402
165.33056	0.06352
165.29348	0.04674
165.25639	0.04674
165.21930	0.06117
165.18222	0.08349
165.14513	0.10620
165.10804	0.12461
165.07096	0.13901
165.03387	0.15413
164.99679	0.17613
164.95970	0.20858
164.92261	0.26464
164.88553	0.32273
164.84844	0.37091
164.81135	0.40127
164.77427	0.41428
164.73718	0.41822
164.70010	0.42389
164.66301	0.43762
164.62592	0.45721
164.58884	0.47310
164.55175	0.47459
164.51466	0.45690
164.47758	0.42502
164.44049	0.39153
164.40341	0.36989
164.36632	0.36711
164.32923	0.38048
164.29215	0.40012
164.25506	0.41584
164.21797	0.42382
164.18089	0.42881
164.14380	0.44075
164.10672	0.46780
164.06963	0.51049
164.03254	0.56067
163.99546	0.60579
163.95837	0.63572
163.92128	0.64765
163.88420	0.64603
163.84711	0.63800
163.81003	0.62768
163.77294	0.61356
163.73585	0.58961
163.69877	0.55482
163.66168	0.51425
163.62459	0.48010
163.58751	0.46596
163.55042	0.47867
163.51334	0.51296
163.47625	0.55294
163.43916	0.58010
163.40208	0.58346
163.36499	0.56578
163.32790	0.54200
163.29082	0.53067
163.25373	0.54363
163.21665	0.58008
163.17956	0.62855
163.14247	0.67513
163.10539	0.71239
163.06830	0.74324
163.03121	0.77704
162.99413	0.82100
162.95704	0.87278
162.91996	0.91967
162.88287	0.94542
162.84578	0.94052
162.80870	0.90914
162.77161	0.86768
162.73452	0.83534
162.69744	0.82238
162.66035	0.82341
162.62327	0.82043
162.58618	0.79416
162.54909	0.71998
162.51201	0.61954
162.47492	0.51877
162.43783	0.44171
162.40075	0.39722
162.36366	0.37665
162.32658	0.36300
162.28949	0.34370
162.25240	0.31788
162.21532	0.29362
162.17823	0.27894
162.14114	0.27436
162.10406	0.27274
162.06697	0.26543
162.02989	0.24884
161.99280	0.22525
161.95571	0.19790
161.91863	0.16530
161.88154	0.12123
161.84445	0.06164
161.80737	-0.00699
161.77028	-0.06604
161.73319	-0.09343
161.69611	-0.07813
161.65902	-0.02995
161.62194	0.02397
161.58485	0.05530
161.54776	0.05286
161.51068	0.03002
161.47359	0.01511
161.43650	0.03064
161.39942	0.07613
161.36233	0.12245
161.32525	0.14621
161.28816	0.13584
161.25107	0.10012
161.21399	0.06261
161.17690	0.04665
161.13981	0.06062
161.10273	0.09337
161.06564	0.12263
161.02856	0.13092
160.99147	0.11834
160.95438	0.10341
160.91730	0.11125
160.88021	0.15662
160.84312	0.23322
160.80604	0.31681
160.76895	0.38047
160.73187	0.41235
160.69478	0.42402
160.65769	0.44331
160.62061	0.49574
160.58352	0.58635
160.54643	0.69414
160.50935	0.78332
160.47226	0.82510
160.43518	0.81615
160.39809	0.78163
160.36100	0.76035
160.32392	0.78084
160.28683	0.84361
160.24974	0.92093
160.21266	0.97497
160.17557	0.97992
160.13849	0.94615
160.10140	0.90940
160.06431	0.91062
160.02723	0.96974
159.99014	1.07264
159.95305	1.17984
159.91597	1.25189
159.87888	1.27488
159.84180	1.26937
159.80471	1.27651
159.76762	1.33013
159.73054	1.43325
159.69345	1.55471
159.65636	1.64908
159.61928	1.68703
159.58219	1.67621
159.54511	1.65796
159.50802	1.68098
159.47093	1.76822
159.43385	1.89908
159.39676	2.01938
159.35967	2.07427
159.32259	2.04357
159.28550	1.95667
159.24842	1.87644
159.21133	1.86144
159.17424	1.92997
159.13716	2.04924
159.10007	2.15719
159.06298	2.20311
159.02590	2.18098
158.98881	2.13284
158.95173	2.12096
158.91464	2.18331
158.87755	2.30569
158.84047	2.42847
158.80338	2.48571
158.76629	2.45195
158.72921	2.36484
158.69212	2.30641
158.65504	2.35209
158.61795	2.51911
158.58086	2.74831
158.54378	2.93394
158.50669	2.98494
158.46960	2.88012
158.43252	2.68115
158.39543	2.49312
158.35834	2.39680
158.32126	2.39598
158.28417	2.41635
158.24709	2.35921
158.21000	2.17694
158.17291	1.91953
158.13583	1.71702
158.09874	1.70310
158.06165	1.92529
158.02457	2.30054
157.98748	2.65053
157.95040	2.80103
157.91331	2.68551
157.87622	2.38522
157.83914	2.07439
157.80205	1.90278
157.76496	1.89018
157.72788	1.92468
157.69079	1.88193
157.65371	1.81391
157.61662	2.08763
157.57953	3.35728
157.54245	6.32859
157.50536	11.38992
157.46827	18.27892
157.43119	25.96818
157.39410	32.87200
157.35702	37.32977
157.31993	38.18388
157.28284	35.20861
157.24576	29.20298
157.20867	21.70336
157.17158	14.43950
157.13450	8.76464
157.09741	5.28854
157.06033	3.83662
157.02324	3.70605
156.98615	4.06430
156.94907	4.29795
156.91198	4.17460
156.87489	3.79205
156.83781	3.39369
156.80072	3.17533
156.76364	3.18348
156.72655	3.33261
156.68946	3.49722
156.65238	3.60214
156.61529	3.65307
156.57820	3.70127
156.54112	3.77759
156.50403	3.85166
156.46695	3.84467
156.42986	3.68530
156.39277	3.36782
156.35569	2.97043
156.31860	2.61944
156.28151	2.42091
156.24443	2.40291
156.20734	2.50423
156.17026	2.61534
156.13317	2.64501
156.09608	2.57073
156.05900	2.44330
156.02191	2.34565
155.98482	2.33458
155.94774	2.40330
155.91065	2.48763
155.87357	2.50995
155.83648	2.43126
155.79939	2.27751
155.76231	2.12382
155.72522	2.04769
155.68813	2.08109
155.65105	2.19159
155.61396	2.30312
155.57688	2.34224
155.53979	2.28040
155.50270	2.14659
155.46562	2.00456
155.42853	1.91072
155.39144	1.88070
155.35436	1.88430
155.31727	1.87058
155.28019	1.80473
155.24310	1.69215
155.20601	1.57432
155.16893	1.50032
155.13184	1.49330
155.09475	1.53434
155.05767	1.57400
155.02058	1.56377
154.98349	1.48700
154.94641	1.36926
154.90932	1.26198
154.87224	1.21000
154.83515	1.22391
154.79806	1.27439
154.76098	1.31153
154.72389	1.29625
154.68680	1.22378
154.64972	1.12493
154.61263	1.04516
154.57555	1.01552
154.53846	1.03394
154.50137	1.06804
154.46429	1.07652
154.42720	1.03482
154.39011	0.94875
154.35303	0.84834
154.31594	0.76750
154.27886	0.72349
154.24177	0.70603
154.20468	0.69779
154.16760	0.68423
154.13051	0.66991
154.09342	0.67682
154.05634	0.72801
154.01925	0.82751
153.98217	0.95065
153.94508	1.05237
153.90799	1.08992
153.87091	1.04640
153.83382	0.94084
153.79673	0.81808
153.75965	0.72429
153.72256	0.68238
153.68548	0.68158
153.64839	0.68672
153.61130	0.66089
153.57422	0.58722
153.53713	0.47726
153.50004	0.36166
153.46296	0.27039
153.42587	0.21503
153.38879	0.18412
153.35170	0.15323
153.31461	0.10232
153.27753	0.02881
153.24044	-0.05171
153.20335	-0.11689
153.16627	-0.15278
153.12918	-0.16260
153.09210	-0.16357
153.05501	-0.16457
153.01792	-0.18626
152.98084	-0.21254
152.94375	-0.21666
152.90666	-0.18017
152.86958	-0.10601
152.83249	-0.01704
152.79541	0.05790
152.75832	0.10011
152.72123	0.10831
152.68415	0.09402
152.64706	0.07075
152.60997	0.04612
152.57289	0.02214
152.53580	0.00114
152.49872	-0.00984
152.46163	-0.00119
152.42454	0.03193
152.38746	0.08371
152.35037	0.13930
152.31328	0.18391
152.27620	0.21273
152.23911	0.23383
152.20203	0.26118
152.16494	0.30285
152.12785	0.35351
152.09077	0.39720
152.05368	0.41870
152.01659	0.41486
151.97951	0.39711
151.94242	0.38313
151.90534	0.38390
151.86825	0.38943
151.83116	0.39705
151.79408	0.39608
151.75699	0.38694
151.71990	0.38199
151.68282	0.39798
151.64573	0.44472
151.60864	0.51740
151.57156	0.59750
151.53447	0.66193
151.49739	0.69521
151.46030	0.69720
151.42321	0.68205
151.38613	0.66927
151.34904	0.67243
151.31195	0.69236
151.27487	0.71841
151.23778	0.73636
151.20070	0.73744
151.16361	0.72297
151.12652	0.70180
151.08944	0.68310
151.05235	0.66942
151.01526	0.65502
150.97818	0.63035
150.94109	0.58980
150.90401	0.53726
150.86692	0.48588
150.82983	0.45173
150.79275	0.44533
150.75566	0.46612
150.71857	0.50313
150.68149	0.54093
150.64440	0.56857
150.60732	0.58299
150.57023	0.58849
150.53314	0.59174
150.49606	0.59618
150.45897	0.59964
150.42188	0.59638
150.38480	0.58191
150.34771	0.55697
150.31063	0.52795
150.27354	0.50337
150.23645	0.48884
150.19937	0.48395
150.16228	0.48303
150.12519	0.47918
150.08811	0.46868
150.05102	0.45276
150.01394	0.43548
149.97685	0.41943
149.93976	0.40262
149.90268	0.37900
149.86559	0.34295
149.82850	0.29474
149.79142	0.24315
149.75433	0.20277
149.71725	0.18672
149.68016	0.19892
149.64307	0.23040
149.60599	0.26248
149.56890	0.27533
149.53181	0.25749
149.49473	0.22008
149.45764	0.16937
149.42056	0.11939
149.38347	0.07978
149.34638	0.05161
149.30930	0.02813
149.27221	-0.00002
149.23512	-0.03823
149.19804	-0.08370
149.16095	-0.12592
149.12387	-0.15182
149.08678	-0.15266
149.04969	-0.12902
149.01261	-0.09114
148.97552	-0.05452
148.93843	-0.03284
148.90135	-0.03207
148.86426	-0.04842
148.82718	-0.07104
148.79009	-0.08770
148.75300	-0.09036
148.71592	-0.07785
148.67883	-0.05478
148.64174	-0.02763
148.60466	-0.00070
148.56757	0.02593
148.53049	0.05538
148.49340	0.09103
148.45631	0.13349
148.41923	0.17956
148.38214	0.22365
148.34505	0.26075
148.30797	0.29037
148.27088	0.31141
148.23380	0.32818
148.19671	0.34375
148.15962	0.35741
148.12254	0.36478
148.08545	0.36084
148.04836	0.34377
148.01128	0.31717
147.97419	0.28907
147.93710	0.26819
147.90002	0.25963
147.86293	0.26267
147.82585	0.27191
147.78876	0.28103
147.75167	0.28675
147.71459	0.29053
147.67750	0.29689
147.64041	0.30948
147.60333	0.32750
147.56624	0.34480
147.52916	0.35262
147.49207	0.34433
147.45498	0.31951
147.41790	0.28495
147.38081	0.25158
147.34372	0.22931
147.30664	0.22223
147.26955	0.22713
147.23247	0.23581
147.19538	0.23991
147.15829	0.23546
147.12121	0.22186
147.08412	0.20912
147.04703	0.20441
147.00995	0.21047
146.97286	0.22404
146.93578	0.23804
146.89869	0.24584
146.86160	0.24515
146.82452	0.23911
146.78743	0.23434
146.75034	0.23721
146.71326	0.25047
146.67617	0.27201
146.63909	0.29591
146.60200	0.31492
146.56491	0.32283
146.52783	0.31592
146.49074	0.29332
146.45365	0.25678
146.41657	0.21032
146.37948	0.15986
146.34240	0.11240
146.30531	0.07455
146.26822	0.05085
146.23114	0.04240
146.19405	0.04691
146.15696	0.06006
146.11988	0.07756
146.08279	0.09666
146.04571	0.11616
146.00862	0.13492
145.97153	0.15015
145.93445	0.15161
145.89736	0.13777
145.86027	0.10581
145.82319	0.05840
145.78610	0.00460
145.74902	-0.04239
145.71193	-0.06995
145.67484	-0.07092
145.63776	-0.04634
145.60067	-0.00456
145.56358	0.04241
145.52650	0.08358
145.48941	0.11213
145.45233	0.12619
145.41524	0.12747
145.37815	0.11917
145.34107	0.10469
145.30398	0.08745
145.26689	0.07141
145.22981	0.06107
145.19272	0.06054
145.15564	0.07179
145.11855	0.09315
145.08146	0.11913
145.04438	0.14179
145.00729	0.15332
144.97020	0.14868
144.93312	0.12729
144.89603	0.09332
144.85895	0.05461
144.82186	0.02071
144.78477	0.00052
144.74769	-0.00204
144.71060	0.01448
144.67351	0.04726
144.63643	0.08935
144.59934	0.13127
144.56225	0.16372
144.52517	0.18072
144.48808	0.18201
144.45100	0.17360
144.41391	0.16587
144.37682	0.16978
144.33974	0.19249
144.30265	0.23436
144.26556	0.28863
144.22848	0.34388
144.19139	0.38830
144.15431	0.41385
144.11722	0.41852
144.08013	0.40618
144.04305	0.38421
144.00596	0.36049
143.96887	0.34094
143.93179	0.32857
143.89470	0.32381
143.85762	0.32544
143.82053	0.33141
143.78344	0.33899
143.74636	0.34474
143.70927	0.34467
143.67218	0.33505
143.63510	0.31372
143.59801	0.28142
143.56093	0.24387
143.52384	0.20523
143.48675	0.17218
143.44967	0.15078
143.41258	0.14482
143.37549	0.15471
143.33841	0.17715
143.30132	0.20579
143.26424	0.23281
143.22715	0.25108
143.19006	0.25621
143.15298	0.24769
143.11589	0.22886
143.07880	0.20546
143.04172	0.18350
143.00463	0.16723
142.96755	0.15807
142.93046	0.15485
142.89337	0.15514
142.85629	0.15685
142.81920	0.15924
142.78211	0.16287
142.74503	0.16860
142.70794	0.17640
142.67086	0.18471
142.63377	0.19078
142.59668	0.19185
142.55960	0.18643
142.52251	0.17479
142.48542	0.15843
142.44834	0.13877
142.41125	0.11604
142.37417	0.09124
142.33708	0.06114
142.29999	0.02592
142.26291	-0.01116
142.22582	-0.04361
142.18873	-0.06330
142.15165	-0.06353
142.11456	-0.04221
142.07748	-0.00376
142.04039	0.04130
142.00330	0.07937
141.96622	0.09824
141.92913	0.09142
141.89204	0.06061
141.85496	0.01522
141.81787	-0.03082
141.78079	-0.06381
141.74370	-0.07473
141.70661	-0.06178
141.66953	-0.03023
141.63244	0.01029
141.59535	0.04958
141.55827	0.08041
141.52118	0.10039
141.48410	0.11160
141.44701	0.11868
141.40992	0.12615
141.37284	0.13655
141.33575	0.14990
141.29866	0.16465
141.26158	0.17932
141.22449	0.19378
141.18740	0.21298
141.15032	0.23520
141.11323	0.26000
141.07615	0.28363
141.03906	0.29949
141.00197	0.30058
140.96489	0.28302
140.92780	0.24860
140.89071	0.20490
140.85363	0.16265
140.81654	0.13166
140.77946	0.11715
140.74237	0.11857
140.70528	0.13101
140.66820	0.14850
140.63111	0.16697
140.59402	0.18536
140.55694	0.20453
140.51985	0.22497
140.48277	0.24501
140.44568	0.26102
140.40859	0.26948
140.37151	0.26970
140.33442	0.26526
140.29733	0.26297
140.26025	0.26977
140.22316	0.28896
140.18608	0.31814
140.14899	0.34992
140.11190	0.37523
140.07482	0.38735
140.03773	0.38456
140.00064	0.36850
139.96356	0.34614
139.92647	0.32326
139.88939	0.30310
139.85230	0.28616
139.81521	0.27180
139.77813	0.26001
139.74104	0.25180
139.70395	0.24791
139.66687	0.24676
139.62978	0.24373
139.59270	0.23285
139.55561	0.21064
139.51852	0.17974
139.48144	0.14979
139.44435	0.13401
139.40726	0.14263
139.37018	0.17645
139.33309	0.22451
139.29601	0.26829
139.25892	0.29124
139.22183	0.28946
139.18475	0.27780
139.14766	0.28758
139.11057	0.35554
139.07349	0.50833
139.03640	0.74912
138.99932	1.05234
138.96223	1.36924
138.92514	1.64224
138.88806	1.82252
138.85097	1.88415
138.81388	1.82997
138.77680	1.68395
138.73971	1.49082
138.70263	1.29661
138.66554	1.13643
138.62845	1.02784
138.59137	0.97050
138.55428	0.95096
138.51719	0.95020
138.48011	0.95104
138.44302	0.94334
138.40594	0.92565
138.36885	0.90309
138.33176	0.88271
138.29468	0.86851
138.25759	0.85831
138.22050	0.84427
138.18342	0.81680
138.14633	0.76998
138.10925	0.70557
138.07216	0.63328
138.03507	0.56687
137.99799	0.51809
137.96090	0.49155
137.92381	0.48339
137.88673	0.48428
137.84964	0.48486
137.81255	0.48024
137.77547	0.47099
137.73838	0.46037
137.70130	0.45001
137.66421	0.43754
137.62712	0.41228
137.59004	0.37671
137.55295	0.33546
137.51586	0.30088
137.47878	0.28767
137.44169	0.30391
137.40461	0.34389
137.36752	0.38822
137.33043	0.41223
137.29335	0.39860
137.25626	0.34679
137.21917	0.27320
137.18209	0.20133
137.14500	0.14774
137.10792	0.11266
137.07083	0.08122
137.03374	0.03493
136.99666	-0.03403
136.95957	-0.11549
136.92248	-0.18637
136.88540	-0.22578
136.84831	-0.23078
136.81123	-0.22202
136.77414	-0.23455
136.73705	-0.29795
136.69997	-0.41723
136.66288	-0.56584
136.62579	-0.69559
136.58871	-0.75826
136.55162	-0.72749
136.51454	-0.60961
136.47745	-0.43938
136.44036	-0.26400
136.40328	-0.12954
136.36619	-0.06728
136.32910	-0.09106
136.29202	-0.19780
136.25493	-0.36717
136.21785	-0.56086
136.18076	-0.72631
136.14367	-0.81106
136.10659	-0.78677
136.06950	-0.67248
136.03241	-0.53997
135.99533	-0.48887
135.95824	-0.59433
135.92116	-0.84897
135.88407	-1.13187
135.84698	-1.23065
135.80990	-0.91888
135.77281	-0.06098
135.73572	1.30317
135.69864	2.93861
135.66155	4.47819
135.62447	5.54689
135.58738	5.89538
135.55029	5.48487
135.51321	4.48764
135.47612	3.20693
135.43903	1.95673
135.40195	0.95640
135.36486	0.28266
135.32778	-0.11090
135.29069	-0.32970
135.25360	-0.38890
135.21652	-0.43848
135.17943	-0.47653
135.14234	-0.48488
135.10526	-0.45515
135.06817	-0.40011
135.03109	-0.34678
134.99400	-0.31913
134.95691	-0.32355
134.91983	-0.34628
134.88274	-0.36326
134.84565	-0.35518
134.80857	-0.31783
134.77148	-0.26216
134.73440	-0.20523
134.69731	-0.15899
134.66022	-0.12413
134.62314	-0.09220
134.58605	-0.05366
134.54896	-0.00587
134.51188	0.04436
134.47479	0.08470
134.43771	0.10493
134.40062	0.10290
134.36353	0.08530
134.32645	0.06327
134.28936	0.04607
134.25227	0.03689
134.21519	0.03310
134.17810	0.03000
134.14101	0.02523
134.10393	0.02073
134.06684	0.01301
134.02976	0.01423
133.99267	0.02614
133.95558	0.04742
133.91850	0.07440
133.88141	0.10247
133.84432	0.12753
133.80724	0.14683
133.77015	0.15958
133.73307	0.16725
133.69598	0.17363
133.65889	0.18430
133.62181	0.20492
133.58472	0.23874
133.54763	0.28428
133.51055	0.33463
133.47346	0.37919
133.43638	0.40754
133.39929	0.41365
133.36220	0.39823
133.32512	0.36800
133.28803	0.33203
133.25094	0.29735
133.21386	0.26620
133.17677	0.23654
133.13969	0.20524
133.10260	0.17196
133.06551	0.14108
133.02843	0.12040
132.99134	0.11732
132.95425	0.13464
132.91717	0.16856
132.88008	0.19802
132.84300	0.22572
132.80591	0.24619
132.76882	0.25742
132.73174	0.25999
132.69465	0.25525
132.65756	0.24393
132.62048	0.22585
132.58339	0.20078
132.54631	0.16951
132.50922	0.13424
132.47213	0.09807
132.43505	0.06383
132.39796	0.03323
132.36087	0.00685
132.32379	-0.01502
132.28670	-0.03133
132.24962	-0.03988
132.21253	-0.03797
132.17544	-0.02388
132.13836	0.00168
132.10127	0.03505
132.06418	0.07028
132.02710	0.10081
131.99001	0.12139
131.95293	0.12924
131.91584	0.12445
131.87875	0.10937
131.84167	0.08788
131.80458	0.06468
131.76749	0.04481
131.73041	0.03311
131.69332	0.03443
131.65624	0.04972
131.61915	0.07711
131.58206	0.11139
131.54498	0.14515
131.50789	0.17118
131.47080	0.18513
131.43372	0.18727
131.39663	0.18257
131.35955	0.17882
131.32246	0.18341
131.28537	0.20028
131.24829	0.22824
131.21120	0.26134
131.17411	0.29116
131.13703	0.30988
131.09994	0.31299
131.06286	0.30041
131.02577	0.27592
130.98868	0.24530
130.95160	0.21412
130.91451	0.18611
130.87742	0.16261
130.84034	0.14319
130.80325	0.12677
130.76616	0.11283
130.72908	0.10204
130.69199	0.09604
130.65491	0.09673
130.61782	0.10525
130.58073	0.12112
130.54365	0.14197
130.50656	0.15297
130.46947	0.15869
130.43239	0.15815
130.39530	0.15152
130.35822	0.14007
130.32113	0.12590
130.28404	0.11166
130.24696	0.10020
130.20987	0.09409
130.17278	0.09500
130.13570	0.10306
130.09861	0.11650
130.06153	0.13201
130.02444	0.14577
129.98735	0.15482
129.95027	0.15834
129.91318	0.15795
129.87609	0.15695
129.83901	0.15870
129.80192	0.16483
129.76484	0.17432
129.72775	0.18378
129.69066	0.18903
129.65358	0.18714
129.61649	0.17803
129.57940	0.16481
129.54232	0.15263
129.50523	0.14663
129.46815	0.14974
129.43106	0.16139
129.39397	0.17773
129.35689	0.19298
129.31980	0.19581
129.28271	0.18824
129.24563	0.16937
129.20854	0.14187
129.17146	0.11075
129.13437	0.08145
129.09728	0.05808
129.06020	0.04250
129.02311	0.03436
128.98602	0.03202
128.94894	0.03379
128.91185	0.03902
128.87477	0.04837
128.83768	0.06322
128.80059	0.08450
128.76351	0.11144
128.72642	0.14115
128.68933	0.16914
128.65225	0.19086
128.61516	0.20346
128.57808	0.20687
128.54099	0.20370
128.50390	0.19770
128.46682	0.19177
128.42973	0.18637
128.39264	0.17939
128.35556	0.16754
128.31847	0.14869
128.28139	0.12375
128.24430	0.09709
128.20721	0.07507
128.17013	0.06325
128.13304	0.06374
128.09595	0.07447
128.05887	0.08976
128.02178	0.10357
127.98470	0.11268
127.94761	0.11854
127.91052	0.12664
127.87344	0.14371
127.83635	0.17389
127.79926	0.21596
127.76218	0.26289
127.72509	0.30394
127.68801	0.32856
127.65092	0.33021
127.61383	0.30864
127.57675	0.26976
127.53966	0.22343
127.50257	0.18021
127.46549	0.14842
127.42840	0.13238
127.39131	0.13216
127.35423	0.14447
127.31714	0.16410
127.28006	0.18537
127.24297	0.20327
127.20588	0.21437
127.16880	0.21724
127.13171	0.21253
127.09462	0.20264
127.05754	0.19079
127.02045	0.17999
126.98337	0.17212
126.94628	0.16608
126.90919	0.16234
126.87211	0.15925
126.83502	0.15537
126.79793	0.14982
126.76085	0.14220
126.72376	0.13219
126.68668	0.11948
126.64959	0.10415
126.61250	0.08751
126.57542	0.07260
126.53833	0.06368
126.50124	0.06447
126.46416	0.07586
126.42707	0.09419
126.38999	0.11139
126.35290	0.11760
126.31581	0.10536
126.27873	0.07363
126.24164	0.02938
126.20455	-0.01413
126.16747	-0.04228
126.13038	-0.04498
126.09330	-0.02088
126.05621	0.02208
126.01912	0.07018
125.98204	0.10989
125.94495	0.13338
125.90786	0.14113
125.87078	0.14047
125.83369	0.14103
125.79661	0.14951
125.75952	0.16672
125.72243	0.18584
125.68535	0.19742
125.64826	0.19386
125.61117	0.17313
125.57409	0.13959
125.53700	0.10169
125.49992	0.06811
125.46283	0.04439
125.42574	0.03173
125.38866	0.02798
125.35157	0.02997
125.31448	0.03551
125.27740	0.04396
125.24031	0.05531
125.20323	0.06858
125.16614	0.08089
125.12905	0.08790
125.09197	0.08562
125.05488	0.07262
125.01779	0.05140
124.98071	0.02820
124.94362	0.01103
124.90654	0.00688
124.86945	0.01912
124.83236	0.04620
124.79528	0.08198
124.75819	0.11758
124.72110	0.14398
124.68402	0.15462
124.64693	0.14725
124.60985	0.12477
124.57276	0.09563
124.53567	0.06928
124.49859	0.05581
124.46150	0.06318
124.42441	0.09479
124.38733	0.14802
124.35024	0.21405
124.31316	0.27930
124.27607	0.32837
124.23898	0.34774
124.20190	0.32937
124.16481	0.27304
124.12772	0.18663
124.09064	0.08415
124.05355	-0.01783
124.01646	-0.10427
123.97938	-0.16476
123.94229	-0.19485
123.90521	-0.19560
123.86812	-0.17181
123.83103	-0.13034
123.79395	-0.07902
123.75686	-0.02635
123.71977	0.01866
123.68269	0.04730
123.64560	0.05316
123.60852	0.03473
123.57143	-0.00274
123.53434	-0.04735
123.49726	-0.08348
123.46017	-0.09670
123.42308	-0.07898
123.38600	-0.04003
123.34891	0.01562
123.31183	0.07481
123.27474	0.12449
123.23765	0.15590
123.20057	0.16674
123.16348	0.16092
123.12639	0.14609
123.08931	0.13030
123.05222	0.11916
123.01514	0.11448
122.97805	0.11474
122.94096	0.11670
122.90388	0.11738
122.86679	0.11546
122.82970	0.11165
122.79262	0.10809
122.75553	0.10717
122.71845	0.11027
122.68136	0.11703
122.64427	0.12524
122.60719	0.13164
122.57010	0.13309
122.53301	0.12803
122.49593	0.11739
122.45884	0.10464
122.42176	0.09468
122.38467	0.09185
122.34758	0.09782
122.31050	0.11026
122.27341	0.12313
122.23632	0.12867
122.19924	0.12082
122.16215	0.09881
122.12507	0.06556
122.08798	0.02829
122.05089	-0.00383
122.01381	-0.02278
121.97672	-0.02451
121.93963	-0.01018
121.90255	0.01454
121.86546	0.04171
121.82838	0.06412
121.79129	0.07765
121.75420	0.08227
121.71712	0.08142
121.68003	0.08031
121.64294	0.08386
121.60586	0.09504
121.56877	0.11408
121.53169	0.13858
121.49460	0.16409
121.45751	0.18520
121.42043	0.19662
121.38334	0.19440
121.34625	0.17716
121.30917	0.14687
121.27208	0.10896
121.23500	0.07135
121.19791	0.04240
121.16082	0.02835
121.12374	0.03128
121.08665	0.04833
121.04956	0.07279
121.01248	0.09624
120.97539	0.11183
120.93831	0.11636
120.90122	0.11131
120.86413	0.10054
120.82705	0.08708
120.78996	0.07097
120.75287	0.04956
120.71579	0.02032
120.67870	-0.01556
120.64162	-0.05091
120.60453	-0.07360
120.56744	-0.07084
120.53036	-0.03491
120.49327	0.03237
120.45618	0.11890
120.41910	0.20586
120.38201	0.27436
120.34492	0.31204
120.30784	0.31702
120.27075	0.29735
120.23367	0.26684
120.19658	0.23901
120.15949	0.22229
120.12241	0.21788
120.08532	0.22101
120.04823	0.22418
120.01115	0.22072
119.97406	0.20709
119.93698	0.18340
119.89989	0.15259
119.86280	0.11901
119.82572	0.08403
119.78863	0.05558
119.75154	0.03782
119.71446	0.03341
119.67737	0.04226
119.64029	0.06079
119.60320	0.08268
119.56611	0.10087
119.52903	0.11021
119.49194	0.10930
119.45485	0.10057
119.41777	0.08891
119.38068	0.07946
119.34360	0.07598
119.30651	0.08028
119.26942	0.09259
119.23234	0.11206
119.19525	0.13684
119.15816	0.16378
119.12108	0.18831
119.08399	0.20523
119.04691	0.21039
119.00982	0.20262
118.97273	0.18451
118.93565	0.16166
118.89856	0.14032
118.86147	0.12488
118.82439	0.11654
118.78730	0.11385
118.75022	0.11457
118.71313	0.11761
118.67604	0.12372
118.63896	0.13532
118.60187	0.15272
118.56478	0.17466
118.52770	0.19815
118.49061	0.22006
118.45353	0.23850
118.41644	0.25288
118.37935	0.26236
118.34227	0.26392
118.30518	0.25212
118.26809	0.22118
118.23101	0.16891
118.19392	0.10000
118.15684	0.02637
118.11975	-0.03621
118.08266	-0.07383
118.04558	-0.07963
118.00849	-0.05581
117.97140	-0.01192
117.93432	0.03928
117.89723	0.08587
117.86015	0.11881
117.82306	0.13239
117.78597	0.12410
117.74889	0.09538
117.71180	0.05284
117.67471	0.00794
117.63763	-0.02669
117.60054	-0.04425
117.56346	-0.05070
117.52637	-0.06662
117.48928	-0.12051
117.45220	-0.25355
117.41511	-0.45606
117.37802	-0.69921
117.34094	-0.92209
117.30385	-1.04954
117.26677	-1.02095
117.22968	-0.81683
117.19259	-0.47021
117.15551	-0.05635
117.11842	0.33504
117.08133	0.63207
117.04425	0.80268
117.00716	0.85742
116.97007	0.83419
116.93299	0.77490
116.89590	0.70679
116.85882	0.63682
116.82173	0.55925
116.78464	0.46906
116.74756	0.37198
116.71047	0.28504
116.67338	0.22843
116.63630	0.21454
116.59921	0.24109
116.56213	0.29202
116.52504	0.34499
116.48795	0.38051
116.45087	0.38770
116.41378	0.36488
116.37669	0.31628
116.33961	0.24828
116.30252	0.16797
116.26544	0.09648
116.22835	0.02944
116.19126	-0.02374
116.15418	-0.05388
116.11709	-0.05574
116.08000	-0.03143
116.04292	0.00894
116.00583	0.05016
115.96875	0.07757
115.93166	0.08277
115.89457	0.06693
115.85749	0.03982
115.82040	0.01537
115.78331	0.00566
115.74623	0.01622
115.70914	0.04441
115.67206	0.08128
115.63497	0.11556
115.59788	0.13788
115.56080	0.14358
115.52371	0.13328
115.48662	0.11169
115.44954	0.08548
115.41245	0.06121
115.37537	0.04380
115.33828	0.03555
115.30119	0.03588
115.26411	0.04150
115.22702	0.04732
115.18993	0.04787
115.15285	0.03907
115.11576	0.01983
115.07868	-0.00755
115.04159	-0.03756
115.00450	-0.06380
114.96742	-0.08109
114.93033	-0.08720
114.89324	-0.08353
114.85616	-0.07437
114.81907	-0.06526
114.78199	-0.06118
114.74490	-0.06500
114.70781	-0.07684
114.67073	-0.09414
114.63364	-0.11228
114.59655	-0.12558
114.55947	-0.12848
114.52238	-0.11672
114.48530	-0.08844
114.44821	-0.04493
114.41112	0.00931
114.37404	0.06725
114.33695	0.12081
114.29986	0.16263
114.26278	0.18786
114.22569	0.19528
114.18861	0.18766
114.15152	0.17116
114.11443	0.15385
114.07735	0.14366
114.04026	0.14616
114.00317	0.16277
113.96609	0.18987
113.92900	0.21965
113.89192	0.24320
113.85483	0.24790
113.81774	0.22999
113.78066	0.19336
113.74357	0.14780
113.70648	0.10459
113.66940	0.07136
113.63231	0.04895
113.59522	0.03202
113.55814	0.01305
113.52105	-0.01222
113.48397	-0.04113
113.44688	-0.06448
113.40979	-0.07098
113.37271	-0.05350
113.33562	-0.01367
113.29853	0.03797
113.26145	0.08632
113.22436	0.11847
113.18728	0.12906
113.15019	0.12157
113.11310	0.10510
113.07602	0.08895
113.03893	0.07812
113.00184	0.07233
112.96476	0.06843
112.92767	0.06410
112.89059	0.06025
112.85350	0.06029
112.81641	0.06705
112.77933	0.07950
112.74224	0.09167
112.70515	0.09468
112.66807	0.08415
112.63098	0.05792
112.59390	0.01904
112.55681	-0.02507
112.51972	-0.06530
112.48264	-0.09393
112.44555	-0.10679
112.40846	-0.10369
112.37138	-0.08737
112.33429	-0.06198
112.29721	-0.03196
112.26012	-0.00158
112.22303	0.02510
112.18595	0.04460
112.14886	0.05492
112.11177	0.05671
112.07469	0.05379
112.03760	0.05234
112.00052	0.05859
111.96343	0.07605
111.92634	0.10341
111.88926	0.13456
111.85217	0.16081
111.81508	0.17449
111.77800	0.17222
111.74091	0.15639
111.70383	0.13408
111.66674	0.11422
111.62965	0.10422
111.59257	0.10765
111.55548	0.12377
111.51839	0.14935
111.48131	0.17930
111.44422	0.20931
111.40714	0.23556
111.37005	0.25475
111.33296	0.26414
111.29588	0.26204
111.25879	0.24858
111.22170	0.22624
111.18462	0.19968
111.14753	0.17444
111.11045	0.15504
111.07336	0.14314
111.03627	0.13673
110.99919	0.13080
110.96210	0.11933
110.92501	0.09791
110.88793	0.06573
110.85084	0.02626
110.81376	-0.01380
110.77667	-0.04681
110.73958	-0.06681
110.70250	-0.07145
110.66541	-0.06252
110.62832	-0.04496
110.59124	-0.02482
110.55415	-0.00713
110.51707	0.00564
110.47998	0.01379
110.44289	0.01955
110.40581	0.02544
110.36872	0.03285
110.33163	0.04020
110.29455	0.04585
110.25746	0.04698
110.22037	0.04249
110.18329	0.03365
110.14620	0.02346
110.10912	0.01520
110.07203	0.01100
110.03494	0.01120
109.99786	0.01473
109.96077	0.02029
109.92368	0.02757
109.88660	0.03775
109.84951	0.05306
109.81243	0.07547
109.77534	0.10531
109.73825	0.14038
109.70117	0.17612
109.66408	0.20672
109.62699	0.22671
109.58991	0.23238
109.55282	0.22269
109.51574	0.19928
109.47865	0.16589
109.44156	0.12744
109.40448	0.08916
109.36739	0.05589
109.33030	0.03156
109.29322	0.01892
109.25613	0.01934
109.21905	0.03272
109.18196	0.05751
109.14487	0.09176
109.10779	0.13116
109.07070	0.17098
109.03361	0.20650
108.99653	0.23368
108.95944	0.24977
108.92236	0.25377
108.88527	0.24662
108.84818	0.23099
108.81110	0.21070
108.77401	0.18977
108.73692	0.17142
108.69984	0.15738
108.66275	0.14771
108.62567	0.14121
108.58858	0.13611
108.55149	0.13077
108.51441	0.12394
108.47732	0.11461
108.44023	0.10169
108.40315	0.08391
108.36606	0.06011
108.32898	0.03001
108.29189	-0.00503
108.25480	-0.04166
108.21772	-0.07512
108.18063	-0.10047
108.14354	-0.11412
108.10646	-0.11501
108.06937	-0.10481
108.03229	-0.08717
107.99520	-0.06636
107.95811	-0.04582
107.92103	-0.02809
107.88394	-0.01458
107.84685	-0.00612
107.80977	-0.00360
107.77268	-0.00802
107.73560	-0.02001
107.69851	-0.03917
107.66142	-0.06354
107.62434	-0.08977
107.58725	-0.11385
107.55016	-0.13208
107.51308	-0.14190
107.47599	-0.14212
107.43891	-0.13270
107.40182	-0.11427
107.36473	-0.08781
107.32765	-0.05465
107.29056	-0.01670
107.25347	0.02337
107.21639	0.06229
107.17930	0.09669
107.14222	0.12383
107.10513	0.14217
107.06804	0.15155
107.03096	0.15300
106.99387	0.14831
106.95678	0.13967
106.91970	0.12943
106.88261	0.11996
106.84553	0.11334
106.80844	0.11081
106.77135	0.11257
106.73427	0.11562
106.69718	0.11593
106.66009	0.10942
106.62301	0.09391
106.58592	0.07084
106.54883	0.04550
106.51175	0.02563
106.47466	0.01846
106.43758	0.02769
106.40049	0.05158
106.36340	0.08313
106.32632	0.11239
106.28923	0.12979
106.25214	0.12905
106.21506	0.10869
106.17797	0.07155
106.14089	0.02316
106.10380	-0.03006
106.06671	-0.08189
106.02963	-0.12659
105.99254	-0.15877
105.95545	-0.17368
105.91837	-0.16821
105.88128	-0.14243
105.84420	-0.10049
105.80711	-0.05023
105.77002	-0.00101
105.73294	0.03932
105.69585	0.06711
105.65876	0.08375
105.62168	0.09425
105.58459	0.10424
105.54751	0.11719
105.51042	0.13196
105.47333	0.14368
105.43625	0.14639
105.39916	0.13607
105.36207	0.11257
105.32499	0.07956
105.28790	0.04271
105.25082	0.00733
105.21373	-0.02302
105.17664	-0.04658
105.13956	-0.06220
105.10247	-0.06828
105.06538	-0.06265
105.02830	-0.04384
104.99121	-0.01288
104.95413	0.02569
104.91704	0.06451
104.87995	0.09585
104.84287	0.11468
104.80578	0.12084
104.76869	0.11894
104.73161	0.11612
104.69452	0.11864
104.65744	0.12912
104.62035	0.14569
104.58326	0.16331
104.54618	0.17637
104.50909	0.18099
104.47200	0.17599
104.43492	0.16234
104.39783	0.14369
104.36075	0.11938
104.32366	0.09016
104.28657	0.05762
104.24949	0.02521
104.21240	-0.00178
104.17531	-0.01741
104.13823	-0.01741
104.10114	-0.00127
104.06406	0.02692
104.02697	0.05950
103.98988	0.08771
103.95280	0.10479
103.91571	0.10806
103.87862	0.09944
103.84154	0.08413
103.80445	0.06838
103.76737	0.05722
103.73028	0.05324
103.69319	0.05648
103.65611	0.06517
103.61902	0.07675
103.58193	0.08858
103.54485	0.09819
103.50776	0.10330
103.47068	0.10191
103.43359	0.09265
103.39650	0.07523
103.35942	0.05076
103.32233	0.02168
103.28524	-0.00882
103.24816	-0.03746
103.21107	-0.06294
103.17398	-0.08206
103.13690	-0.09270
103.09981	-0.09320
103.06273	-0.08241
103.02564	-0.06005
102.98855	-0.02707
102.95147	0.01405
102.91438	0.05947
102.87729	0.10470
102.84021	0.14559
102.80312	0.17930
102.76604	0.20472
102.72895	0.22211
102.69186	0.23225
102.65478	0.23545
102.61769	0.23108
102.58060	0.21790
102.54352	0.19514
102.50643	0.16382
102.46935	0.12740
102.43226	0.09156
102.39517	0.06270
102.35809	0.04607
102.32100	0.04400
102.28391	0.05532
102.24683	0.07604
102.20974	0.10104
102.17266	0.12595
102.13557	0.14830
102.09848	0.16756
102.06140	0.18413
102.02431	0.19818
101.98722	0.20809
101.95014	0.21137
101.91305	0.20584
101.87597	0.19108
101.83888	0.16909
101.80179	0.14396
101.76471	0.12036
101.72762	0.10181
101.69053	0.08955
101.65345	0.08260
101.61636	0.07902
101.57928	0.07760
101.54219	0.07897
101.50510	0.08542
101.46802	0.09943
101.43093	0.12149
101.39384	0.14861
101.35676	0.17438
101.31967	0.19085
101.28259	0.19155
101.24550	0.17441
101.20841	0.14294
101.17133	0.10521
101.13424	0.07086
101.09715	0.04734
101.06007	0.03724
101.02298	0.03761
100.98590	0.04184
100.94881	0.04286
100.91172	0.03641
100.87464	0.02278
100.83755	0.00653
100.80046	-0.00640
100.76338	-0.01116
100.72629	-0.00621
100.68921	0.00619
100.65212	0.02136
100.61503	0.03444
100.57795	0.04255
100.54086	0.04565
100.50377	0.04606
100.46669	0.04676
100.42960	0.04964
100.39252	0.05440
100.35543	0.05879
100.31834	0.05974
100.28126	0.05509
100.24417	0.04483
100.20708	0.03140
100.17000	0.01898
100.13291	0.01206
100.09583	0.01384
100.05874	0.02519
100.02165	0.04425
99.98457	0.06696
99.94748	0.08817
99.91039	0.10297
99.87331	0.10810
99.83622	0.10294
99.79913	0.08986
99.76205	0.07385
99.72496	0.06126
99.68788	0.05797
99.65079	0.06880
99.61370	0.09254
99.57662	0.12459
99.53953	0.15744
99.50244	0.18318
99.46536	0.19645
99.42827	0.19648
99.39119	0.18752
99.35410	0.17718
99.31701	0.17336
99.27993	0.18106
99.24284	0.20046
99.20575	0.22718
99.16867	0.25488
99.13158	0.27888
99.09450	0.29947
99.05741	0.32295
99.02032	0.35988
98.98324	0.42074
98.94615	0.51067
98.90906	0.62541
98.87198	0.75034
98.83489	0.86325
98.79781	0.94041
98.76072	0.96361
98.72363	0.92591
98.68655	0.83384
98.64946	0.70528
98.61237	0.56378
98.57529	0.43156
98.53820	0.32363
98.50112	0.24521
98.46403	0.18853
98.42694	0.15075
98.38986	0.12353
98.35277	0.10206
98.31568	0.08591
98.27860	0.07709
98.24151	0.07684
98.20443	0.08306
98.16734	0.08980
98.13025	0.08932
98.09317	0.07547
98.05608	0.04672
98.01899	0.00725
97.98191	-0.03449
97.94482	-0.06903
97.90774	-0.08934
97.87065	-0.09286
97.83356	-0.08129
97.79648	-0.05867
97.75939	-0.02898
97.72230	0.00531
97.68522	0.04300
97.64813	0.08255
97.61105	0.12056
97.57396	0.15137
97.53687	0.16849
97.49979	0.16730
97.46270	0.14752
97.42561	0.11416
97.38853	0.07611
97.35144	0.04309
97.31436	0.02216
97.27727	0.01691
97.24018	0.02445
97.20310	0.03893
97.16601	0.05433
97.12892	0.06665
97.09184	0.07441
97.05475	0.07750
97.01767	0.07543
96.98058	0.06633
96.94349	0.04753
96.90641	0.01741
96.86932	-0.02246
96.83223	-0.06641
96.79515	-0.10552
96.75806	-0.13022
96.72098	-0.13333
96.68389	-0.11238
96.64680	-0.07019
96.60972	-0.01363
96.57263	0.04854
96.53554	0.10797
96.49846	0.15816
96.46137	0.19499
96.42428	0.21644
96.38720	0.22219
96.35011	0.21328
96.31303	0.19195
96.27594	0.16154
96.23885	0.12622
96.20177	0.09061
96.16468	0.05924
96.12759	0.03611
96.09051	0.02454
96.05342	0.02512
96.01634	0.03749
95.97925	0.05944
95.94216	0.08694
95.90508	0.11488
95.86799	0.13830
95.83090	0.15411
95.79382	0.16219
95.75673	0.16543
95.71965	0.16835
95.68256	0.17460
95.64547	0.18469
95.60839	0.19495
95.57130	0.19861
95.53421	0.18855
95.49713	0.16078
95.46004	0.11679
95.42296	0.06374
95.38587	0.01228
95.34878	-0.02711
95.31170	-0.04754
95.27461	-0.04760
95.23752	-0.03097
95.20044	-0.00431
95.16335	0.02543
95.12627	0.05301
95.08918	0.07547
95.05209	0.09168
95.01501	0.10126
94.97792	0.10407
94.94083	0.10029
94.90375	0.09071
94.86666	0.07818
94.82958	0.06650
94.79249	0.05929
94.75540	0.05839
94.71832	0.06278
94.68123	0.06883
94.64414	0.07181
94.60706	0.06824
94.56997	0.05767
94.53289	0.04331
94.49580	0.03092
94.45871	0.02660
94.42163	0.03451
94.38454	0.05548
94.34745	0.08700
94.31037	0.12418
94.27328	0.16122
94.23620	0.19253
94.19911	0.21326
94.16202	0.21954
94.12494	0.20880
94.08785	0.18043
94.05076	0.13653
94.01368	0.08235
93.97659	0.02555
93.93951	-0.02552
93.90242	-0.06421
93.86533	-0.08750
93.82825	-0.09660
93.79116	-0.09588
93.75407	-0.09049
93.71699	-0.08393
93.67990	-0.07647
93.64282	-0.06594
93.60573	-0.04899
93.56864	-0.02325
93.53156	0.01122
93.49447	0.05171
93.45738	0.09393
93.42030	0.13357
93.38321	0.16756
93.34613	0.19441
93.30904	0.21376
93.27195	0.22556
93.23487	0.22964
93.19778	0.22574
93.16069	0.21399
93.12361	0.19531
93.08652	0.17156
93.04943	0.14518
93.01235	0.11881
92.97526	0.09514
92.93818	0.07688
92.90109	0.06685
92.86400	0.06751
92.82692	0.08006
92.78983	0.10317
92.75274	0.13239
92.71566	0.16072
92.67857	0.18057
92.64149	0.18653
92.60440	0.17754
92.56731	0.15744
92.53023	0.13342
92.49314	0.11257
92.45605	0.09909
92.41897	0.09273
92.38188	0.08968
92.34480	0.08522
92.30771	0.07679
92.27062	0.06571
92.23354	0.05655
92.19645	0.05473
92.15936	0.06338
92.12228	0.08150
92.08519	0.10406
92.04811	0.12419
92.01102	0.13602
91.97393	0.13687
91.93685	0.12771
91.89976	0.11206
91.86267	0.09421
91.82559	0.07779
91.78850	0.06541
91.75142	0.05899
91.71433	0.06017
91.67724	0.07009
91.64016	0.08838
91.60307	0.11217
91.56598	0.13599
91.52890	0.15306
91.49181	0.15785
91.45473	0.14859
91.41764	0.12846
91.38055	0.10474
91.34347	0.08613
91.30638	0.07916
91.26929	0.08608
91.23221	0.10447
91.19512	0.12875
91.15804	0.15266
91.12095	0.17139
91.08386	0.18233
91.04678	0.18464
91.00969	0.17822
90.97260	0.16310
90.93552	0.13963
90.89843	0.10937
90.86135	0.07567
90.82426	0.04336
90.78717	0.01744
90.75009	0.00127
90.71300	-0.00467
90.67591	-0.00273
90.63883	0.00331
90.60174	0.01017
90.56466	0.01646
90.52757	0.02279
90.49048	0.03066
90.45340	0.04077
90.41631	0.05200
90.37922	0.06152
90.34214	0.06608
90.30505	0.06355
90.26797	0.05390
90.23088	0.03895
90.19379	0.02131
90.15671	0.00188
90.11962	-0.01665
90.08253	-0.03255
90.04545	-0.04375
90.00836	-0.04758
89.97128	-0.04124
89.93419	-0.02308
89.89710	0.00587
89.86002	0.04125
89.82293	0.07607
89.78584	0.10297
89.74876	0.11688
89.71167	0.11689
89.67459	0.10640
89.63750	0.09132
89.60041	0.07721
89.56333	0.06692
89.52624	0.05970
89.48915	0.05234
89.45207	0.04128
89.41498	0.02474
89.37789	0.00340
89.34081	-0.02031
89.30372	-0.04393
89.26664	-0.06623
89.22955	-0.08725
89.19246	-0.10686
89.15538	-0.12295
89.11829	-0.13040
89.08120	-0.12199
89.04412	-0.09117
89.00703	-0.03554
88.96995	0.03868
88.93286	0.12354
88.89577	0.20435
88.85869	0.26648
88.82160	0.29972
88.78451	0.30100
88.74743	0.27454
88.71034	0.22956
88.67326	0.17695
88.63617	0.12614
88.59908	0.08321
88.56200	0.05054
88.52491	0.02751
88.48782	0.01167
88.45074	-0.00014
88.41365	-0.01087
88.37657	-0.02252
88.33948	-0.03561
88.30239	-0.04903
88.26531	-0.06055
88.22822	-0.06792
88.19113	-0.07021
88.15405	-0.06859
88.11696	-0.06598
88.07988	-0.06546
88.04279	-0.06820
88.00570	-0.07191
87.96862	-0.07099
87.93153	-0.05858
87.89444	-0.02986
87.85736	0.01507
87.82027	0.07013
87.78319	0.12680
87.74610	0.16944
87.70901	0.18831
87.67193	0.18022
87.63484	0.14884
87.59775	0.10265
87.56067	0.05170
87.52358	0.00489
87.48650	-0.03137
87.44941	-0.05319
87.41232	-0.05869
87.37524	-0.04788
87.33815	-0.02319
87.30106	0.00999
87.26398	0.04366
87.22689	0.06896
87.18981	0.07894
87.15272	0.07124
87.11563	0.04903
87.07855	0.01982
87.04146	-0.00769
87.00437	-0.02700
86.96729	-0.03589
86.93020	-0.03622
86.89312	-0.03172
86.85603	-0.02540
86.81894	-0.01786
86.78186	-0.00773
86.74477	0.00653
86.70768	0.02457
86.67060	0.04336
86.63351	0.05841
86.59643	0.06453
86.55934	0.06350
86.52225	0.05947
86.48517	0.05876
86.44808	0.06704
86.41099	0.08658
86.37391	0.11515
86.33682	0.14696
86.29974	0.17518
86.26265	0.19471
86.22556	0.20400
86.18848	0.20508
86.15139	0.20220
86.11430	0.19986
86.07722	0.20117
86.04013	0.20722
86.00304	0.21731
85.96596	0.22960
85.92887	0.24185
85.89179	0.25183
85.85470	0.25763
85.81761	0.25784
85.78053	0.25181
85.74344	0.23980
85.70635	0.22288
85.66927	0.20255
85.63218	0.18030
85.59510	0.15739
85.55801	0.13508
85.52092	0.11512
85.48384	0.10000
85.44675	0.09245
85.40966	0.09421
85.37258	0.10406
85.33549	0.11767
85.29841	0.12785
85.26132	0.12693
85.22423	0.11010
85.18715	0.07813
85.15006	0.03812
85.11297	0.00142
85.07589	-0.02064
85.03880	-0.02130
85.00172	-0.00133
84.96463	0.03123
84.92754	0.06426
84.89046	0.08661
84.85337	0.09250
84.81628	0.08373
84.77920	0.06856
84.74211	0.05818
84.70503	0.06222
84.66794	0.08523
84.63085	0.12527
84.59377	0.17495
84.55668	0.22428
84.51959	0.26385
84.48251	0.28762
84.44542	0.29420
84.40834	0.28673
84.37125	0.27146
84.33416	0.25559
84.29708	0.24511
84.25999	0.24298
84.22290	0.24891
84.18582	0.25864
84.14873	0.26583
84.11165	0.26474
84.07456	0.25241
84.03747	0.22981
84.00039	0.20122
83.96330	0.17239
83.92621	0.14826
83.88913	0.13117
83.85204	0.12039
83.81496	0.11293
83.77787	0.10516
83.74078	0.09426
83.70370	0.07915
83.66661	0.06053
83.62952	0.04041
83.59244	0.02145
83.55535	0.00648
83.51827	-0.00182
83.48118	-0.00128
83.44409	0.00916
83.40701	0.02878
83.36992	0.05469
83.33283	0.08195
83.29575	0.10462
83.25866	0.11743
83.22158	0.11747
83.18449	0.10537
83.14740	0.08531
83.11032	0.06392
83.07323	0.04827
83.03614	0.04388
82.99906	0.05312
82.96197	0.07420
82.92489	0.10195
82.88780	0.12943
82.85071	0.15001
82.81363	0.15912
82.77654	0.15536
82.73945	0.14042
82.70237	0.11819
82.66528	0.09321
82.62819	0.06932
82.59111	0.04886
82.55402	0.03274
82.51694	0.02104
82.47985	0.01386
82.44276	0.01161
82.40568	0.01485
82.36859	0.02361
82.33150	0.03677
82.29442	0.05198
82.25733	0.06624
82.22025	0.07692
82.18316	0.08266
82.14607	0.08373
82.10899	0.08161
82.07190	0.07820
82.03481	0.07496
81.99773	0.07269
81.96064	0.07167
81.92356	0.07222
81.88647	0.07495
81.84938	0.07814
81.81230	0.08614
81.77521	0.09824
81.73812	0.11239
81.70104	0.12591
81.66395	0.13654
81.62687	0.14355
81.58978	0.14816
81.55269	0.15313
81.51561	0.16166
81.47852	0.17581
81.44143	0.19534
81.40435	0.21723
81.36726	0.23625
81.33018	0.24648
81.29309	0.24327
81.25600	0.22501
81.21892	0.19403
81.18183	0.15608
81.14474	0.11858
81.10766	0.08801
81.07057	0.06757
81.03349	0.05609
80.99640	0.04888
80.95931	0.04012
80.92223	0.02610
80.88514	0.00752
80.84805	-0.01015
80.81097	-0.01869
80.77388	-0.01083
80.73680	0.01616
80.69971	0.05865
80.66262	0.10823
80.62554	0.15286
80.58845	0.18336
80.55136	0.19582
80.51428	0.19229
80.47719	0.17887
80.44011	0.16233
80.40302	0.14698
80.36593	0.13324
80.32885	0.11831
80.29176	0.09849
80.25467	0.07167
80.21759	0.03902
80.18050	0.00491
80.14342	-0.02454
80.10633	-0.04371
80.06924	-0.04940
80.03216	-0.04192
79.99507	-0.02490
79.95798	-0.00416
79.92090	0.01391
79.88381	0.02396
79.84673	0.02273
79.80964	0.00946
79.77255	-0.01438
79.73547	-0.04574
79.69838	-0.08071
79.66129	-0.11506
79.62421	-0.14459
79.58712	-0.16536
79.55004	-0.17407
79.51295	-0.16873
79.47586	-0.14764
79.43878	-0.11409
79.40169	-0.07272
79.36460	-0.02863
79.32752	0.01451
79.29043	0.05583
79.25334	0.09717
79.21626	0.14116
79.17917	0.18847
79.14209	0.23552
79.10500	0.27434
79.06791	0.29501
79.03083	0.28991
78.99374	0.25773
78.95665	0.20518
78.91957	0.14531
78.88248	0.09300
78.84540	0.05975
78.80831	0.05009
78.77122	0.06109
78.73414	0.08486
78.69705	0.11229
78.65996	0.13598
78.62288	0.15125
78.58579	0.15523
78.54871	0.14567
78.51162	0.12065
78.47453	0.07998
78.43745	0.02729
78.40036	-0.02874
78.36327	-0.07554
78.32619	-0.10013
78.28910	-0.09027
78.25202	-0.04532
78.21493	0.02553
78.17784	0.10699
78.14076	0.18309
78.10367	0.24175
78.06658	0.27680
78.02950	0.28729
77.99241	0.27540
77.95533	0.24483
77.91824	0.20044
77.88115	0.14866
77.84407	0.09749
77.80698	0.05503
77.76989	0.02691
77.73281	0.01389
77.69572	0.01134
77.65864	0.01122
77.62155	0.00587
77.58446	-0.00836
77.54738	-0.02934
77.51029	-0.05015
77.47320	-0.06234
77.43612	-0.05965
77.39903	-0.04084
77.36195	-0.01030
77.32486	0.02344
77.28777	0.05053
77.25069	0.06311
77.21360	0.05790
77.17651	0.03750
77.13943	0.00978
77.10234	-0.01467
77.06526	-0.02680
77.02817	-0.02021
76.99108	0.00595
76.95400	0.04680
76.91691	0.09356
76.87982	0.13672
76.84274	0.16902
76.80565	0.18714
76.76857	0.19137
76.73148	0.18411
76.69439	0.16827
76.65731	0.14641
76.62022	0.12107
76.58313	0.09533
76.54605	0.07285
76.50896	0.05677
76.47188	0.04818
76.43479	0.04513
76.39770	0.04338
76.36062	0.03879
76.32353	0.03020
76.28644	0.02101
76.24936	0.01807
76.21227	0.02822
76.17519	0.05422
76.13810	0.09245
76.10101	0.13405
76.06393	0.16918
76.02684	0.19216
75.98975	0.20472
75.95267	0.21520
75.91558	0.23254
75.87850	0.26558
75.84141	0.31273
75.80432	0.36413
75.76724	0.40491
75.73015	0.42089
75.69306	0.40383
75.65598	0.35420
75.61889	0.28044
75.58180	0.19546
75.54472	0.11222
75.50763	0.04030
75.47055	-0.01552
75.43346	-0.05470
75.39637	-0.07924
75.35929	-0.09206
75.32220	-0.09597
75.28511	-0.09335
75.24803	-0.08618
75.21094	-0.07612
75.17386	-0.06444
75.13677	-0.05196
75.09968	-0.03911
75.06260	-0.02624
75.02551	-0.01382
74.98842	-0.00243
74.95134	0.00747
74.91425	0.01592
74.87717	0.02353
74.84008	0.03119
74.80299	0.03953
74.76591	0.04843
74.72882	0.05645
74.69173	0.06300
74.65465	0.06742
74.61756	0.06998
74.58048	0.07170
74.54339	0.07367
74.50630	0.07625
74.46922	0.07872
74.43213	0.07967
74.39504	0.07797
74.35796	0.07377
74.32087	0.06886
74.28379	0.06602
74.24670	0.06784
74.20961	0.07560
74.17253	0.08898
74.13544	0.10677
74.09835	0.12807
74.06127	0.15324
74.02418	0.18371
73.98710	0.22075
73.95001	0.26373
73.91292	0.30900
73.87584	0.35018
73.83875	0.37993
73.80166	0.39243
73.76458	0.38529
73.72749	0.36010
73.69041	0.32131
73.65332	0.27441
73.61623	0.22427
73.57915	0.17459
73.54206	0.13074
73.50497	0.09323
73.46789	0.06512
73.43080	0.04938
73.39372	0.04762
73.35663	0.05878
73.31954	0.07884
73.28246	0.10185
73.24537	0.12214
73.20828	0.13644
73.17120	0.14495
73.13411	0.15077
73.09703	0.15779
73.05994	0.16832
73.02285	0.18164
72.98577	0.19406
72.94868	0.20062
72.91159	0.19733
72.87451	0.18284
72.83742	0.15894
72.80034	0.12960
72.76325	0.09948
72.72616	0.07244
72.68908	0.05085
72.65199	0.03545
72.61490	0.02569
72.57782	0.01987
72.54073	0.01533
72.50365	0.00868
72.46656	-0.00342
72.42947	-0.02291
72.39239	-0.04899
72.35530	-0.07676
72.31821	-0.10109
72.28113	-0.11542
72.24404	-0.11538
72.20695	-0.10088
72.16987	-0.07650
72.13278	-0.04976
72.09570	-0.02797
72.05861	-0.01501
72.02152	-0.00955
71.98444	-0.00577
71.94735	0.00382
71.91026	0.02461
71.87318	0.05713
71.83609	0.09652
71.79901	0.13464
71.76192	0.16378
71.72483	0.18016
71.68775	0.18556
71.65066	0.18629
71.61357	0.18991
71.57649	0.20136
71.53940	0.22025
71.50232	0.24063
71.46523	0.25331
71.42814	0.24968
71.39106	0.22534
71.35397	0.18199
71.31688	0.12682
71.27980	0.06987
71.24271	0.02062
71.20563	-0.01481
71.16854	-0.03142
71.13145	-0.03395
71.09437	-0.02619
71.05728	-0.01179
71.02019	0.00698
70.98311	0.02923
70.94602	0.05424
70.90894	0.08008
70.87185	0.10279
70.83476	0.11699
70.79768	0.11751
70.76059	0.10150
70.72350	0.06996
70.68642	0.02792
70.64933	-0.01674
70.61225	-0.05549
70.57516	-0.08148
70.53807	-0.09117
70.50099	-0.08479
70.46390	-0.06575
70.42681	-0.03926
70.38973	-0.01092
70.35264	0.01458
70.31556	0.03413
70.27847	0.04656
70.24138	0.05253
70.20430	0.05418
70.16721	0.05455
70.13012	0.05681
70.09304	0.06344
70.05595	0.07548
70.01887	0.09223
69.98178	0.11616
69.94469	0.13978
69.90761	0.15889
69.87052	0.17061
69.83343	0.17431
69.79635	0.17172
69.75926	0.16627
69.72218	0.16191
69.68509	0.16188
69.64800	0.16775
69.61092	0.17910
69.57383	0.19391
69.53674	0.20941
69.49966	0.22305
69.46257	0.23325
69.42549	0.23963
69.38840	0.24278
69.35131	0.24356
69.31423	0.24247
69.27714	0.23921
69.24005	0.23274
69.20297	0.22194
69.16588	0.20645
69.12880	0.18750
69.09171	0.16817
69.05462	0.15283
69.01754	0.14587
68.98045	0.14999
68.94336	0.16475
68.90628	0.18615
68.86919	0.20743
68.83210	0.22118
68.79502	0.22075
68.75793	0.20502
68.72085	0.17771
68.68376	0.14618
68.64667	0.11857
68.60959	0.10053
68.57250	0.09311
68.53541	0.09269
68.49833	0.09302
68.46124	0.08855
68.42416	0.07727
68.38707	0.06180
68.34998	0.04808
68.31290	0.04235
68.27581	0.04777
68.23872	0.06248
68.20164	0.08013
68.16455	0.09263
68.12747	0.09387
68.09038	0.08269
68.05329	0.06346
68.01621	0.04427
67.97912	0.03328
67.94203	0.03516
67.90495	0.04916
67.86786	0.06960
67.83078	0.08843
67.79369	0.09860
67.75660	0.09661
67.71952	0.08319
67.68243	0.06204
67.64534	0.03741
67.60826	-0.00130
67.57117	-0.03899
67.53409	-0.07292
67.49700	-0.10203
67.45991	-0.12493
67.42283	-0.13834
67.38574	-0.13746
67.34865	-0.11874
67.31157	-0.08331
67.27448	-0.03892
67.23740	0.00177
67.20031	0.02639
67.16322	0.02921
67.12614	0.01503
67.08905	-0.00187
67.05196	-0.00382
67.01488	0.02214
66.97779	0.07807
66.94071	0.15411
66.90362	0.23273
66.86653	0.29577
66.82945	0.33075
66.79236	0.33363
66.75527	0.30791
66.71819	0.26159
66.68110	0.20433
66.64402	0.14587
66.60693	0.09538
66.56984	0.06068
66.53276	0.04643
66.49567	0.05215
66.45858	0.07125
66.42150	0.09680
66.38441	0.11012
66.34733	0.10419
66.31024	0.07664
66.27315	0.03036
66.23607	-0.02738
66.19898	-0.08683
66.16189	-0.13802
66.12481	-0.17273
66.08772	-0.18587
66.05064	-0.17615
66.01355	-0.14608
65.97646	-0.10139
65.93938	-0.04978
65.90229	0.00080
65.86520	0.04401
65.82812	0.07670
65.79103	0.09964
65.75395	0.11694
65.71686	0.13444
65.67977	0.15748
65.64269	0.18902
65.60560	0.22865
65.56851	0.27291
65.53143	0.31652
65.49434	0.35387
65.45725	0.38025
65.42017	0.39230
65.38308	0.38796
65.34600	0.36624
65.30891	0.32739
65.27182	0.27342
65.23474	0.20984
65.19765	0.14270
65.16056	0.08061
65.12348	0.03248
65.08639	0.00544
65.04931	0.00294
65.01222	0.02380
64.97513	0.06262
64.93805	0.11128
64.90096	0.16102
64.86387	0.20433
64.82679	0.23609
64.78970	0.25391
64.75262	0.25767
64.71553	0.24886
64.67844	0.22991
64.64136	0.20361
64.60427	0.17273
64.56718	0.13968
64.53010	0.10624
64.49301	0.07356
64.45593	0.04243
64.41884	0.01373
64.38175	-0.01105
64.34467	-0.02976
64.30758	-0.04014
64.27049	-0.04078
64.23341	-0.03216
64.19632	-0.01698
64.15924	0.00046
64.12215	0.01585
64.08506	0.02667
64.04798	0.03311
64.01089	0.03812
63.97380	0.04560
63.93672	0.05834
63.89963	0.07617
63.86255	0.09566
63.82546	0.11156
63.78837	0.11935
63.75129	0.11758
63.71420	0.10885
63.67711	0.09863
63.64003	0.09252
63.60294	0.09330
63.56586	0.09920
63.52877	0.10455
63.49168	0.10244
63.45460	0.08834
63.41751	0.06271
63.38042	0.03141
63.34334	0.00368
63.30625	-0.01160
63.26917	-0.00946
63.23208	0.00922
63.19499	0.03817
63.15791	0.06829
63.12082	0.09097
63.08373	0.10078
63.04665	0.09672
63.00956	0.08181
62.97248	0.06160
62.93539	0.04255
62.89830	0.03073
62.86122	0.03053
62.82413	0.04556
62.78704	0.07637
62.74996	0.11997
62.71287	0.16976
62.67579	0.21667
62.63870	0.25132
62.60161	0.26678
62.56453	0.26068
62.52744	0.23581
62.49035	0.19883
62.45327	0.15767
62.41618	0.11875
62.37910	0.08535
62.34201	0.05757
62.30492	0.03365
62.26784	0.01174
62.23075	-0.00909
62.19366	-0.02889
62.15658	-0.04776
62.11949	-0.06667
62.08241	-0.08738
62.04532	-0.11129
62.00823	-0.13774
61.97115	-0.16296
61.93406	-0.18056
61.89697	-0.18368
61.85989	-0.16806
61.82280	-0.13433
61.78571	-0.08841
61.74863	-0.03944
61.71154	0.00378
61.67446	0.04000
61.63737	0.06626
61.60028	0.08854
61.56320	0.11429
61.52611	0.14794
61.48902	0.18801
61.45194	0.22720
61.41485	0.25548
61.37777	0.26461
61.34068	0.25206
61.30359	0.22233
61.26651	0.18511
61.22942	0.15126
61.19233	0.12825
61.15525	0.11737
61.11816	0.11381
61.08108	0.10956
61.04399	0.09771
61.00690	0.07617
60.96982	0.04901
60.93273	0.02469
60.89564	0.01205
60.85856	0.01583
60.82147	0.03385
60.78439	0.05724
60.74730	0.07384
60.71021	0.07316
60.67313	0.05085
60.63604	0.01074
60.59895	-0.03647
60.56187	-0.07711
60.52478	-0.09931
60.48770	-0.09612
60.45061	-0.06944
60.41352	-0.02649
60.37644	0.02297
60.33935	0.06946
60.30226	0.10569
60.26518	0.12767
60.22809	0.13521
60.19101	0.13190
60.15392	0.12426
60.11683	0.11978
60.07975	0.12429
60.04266	0.13939
60.00557	0.16136
59.96849	0.18222
59.93140	0.19288
59.89432	0.18704
59.85723	0.16409
59.82014	0.12955
59.78306	0.09274
59.74597	0.06280
59.70888	0.04485
59.67180	0.03814
59.63471	0.03689
59.59763	0.03325
59.56054	0.02102
59.52345	-0.00182
59.48637	-0.03263
59.44928	-0.06580
59.41219	-0.09552
59.37511	-0.11826
59.33802	-0.13381
59.30094	-0.14767
59.26385	-0.15755
59.22676	-0.16403
59.18968	-0.16539
59.15259	-0.15794
59.11550	-0.13779
59.07842	-0.10315
59.04133	-0.05646
59.00425	-0.00478
58.96716	0.04178
58.93007	0.07385
58.89299	0.08703
58.85590	0.08499
58.81881	0.07930
58.78173	0.08566
58.74464	0.11755
58.70756	0.17993
58.67047	0.26583
58.63338	0.35770
58.59630	0.43304
58.55921	0.47229
58.52212	0.46549
58.48504	0.41515
58.44795	0.33446
58.41086	0.24185
58.37378	0.15465
58.33669	0.08419
58.29961	0.03410
58.26252	0.00161
58.22543	-0.01931
58.18835	-0.03460
58.15126	-0.04784
58.11417	-0.05840
58.07709	-0.06665
58.04000	-0.06868
58.00292	-0.06085
57.96583	-0.04075
57.92874	-0.00798
57.89166	0.03516
57.85457	0.08346
57.81748	0.12948
57.78040	0.16512
57.74331	0.18397
57.70623	0.18346
57.66914	0.16596
57.63205	0.13821
57.59497	0.10912
57.55788	0.08681
57.52079	0.07584
57.48371	0.07592
57.44662	0.08245
57.40954	0.08870
57.37245	0.08881
57.33536	0.08032
57.29828	0.06534
57.26119	0.04978
57.22410	0.04090
57.18702	0.04416
57.14993	0.06059
57.11285	0.08578
57.07576	0.11115
57.03867	0.12697
57.00159	0.12612
56.96450	0.10685
56.92741	0.07386
56.89033	0.03518
56.85324	0.00034
56.81616	-0.02387
56.77907	-0.03522
56.74198	-0.03544
56.70490	-0.02759
56.66781	-0.01322
56.63072	0.00911
56.59364	0.04262
56.55655	0.08924
56.51947	0.14619
56.48238	0.20467
56.44529	0.25172
56.40821	0.27492
56.37112	0.26794
56.33403	0.23405
56.29695	0.18586
56.25986	0.14100
56.22278	0.11572
56.18569	0.11925
56.14860	0.15145
56.11152	0.20434
56.07443	0.26645
56.03734	0.32742
56.00026	0.38071
55.96317	0.42330
55.92609	0.45367
55.88900	0.46959
55.85191	0.46787
55.81483	0.44624
55.77774	0.40629
55.74065	0.35550
55.70357	0.30578
55.66648	0.27023
55.62940	0.25778
55.59231	0.26919
55.55522	0.29632
55.51814	0.32524
55.48105	0.34199
55.44396	0.33823
55.40688	0.31422
55.36979	0.27813
55.33271	0.24197
55.29562	0.21651
55.25853	0.20738
55.22145	0.21379
55.18436	0.23001
55.14727	0.24821
55.11019	0.26128
55.07310	0.26426
55.03601	0.25449
54.99893	0.23098
54.96184	0.19405
54.92476	0.14546
54.88767	0.08906
54.85058	0.03096
54.81350	-0.02115
54.77641	-0.05968
54.73932	-0.07924
54.70224	-0.07829
54.66515	-0.05947
54.62807	-0.02864
54.59098	0.00698
54.55389	0.04053
54.51681	0.06737
54.47972	0.08473
54.44263	0.09175
54.40555	0.08903
54.36846	0.07843
54.33138	0.06289
54.29429	0.04629
54.25720	0.03275
54.22012	0.02568
54.18303	0.02681
54.14594	0.03561
54.10886	0.04964
54.07177	0.06563
54.03469	0.08084
53.99760	0.09423
53.96051	0.10669
53.92343	0.12036
53.88634	0.13751
53.84925	0.15930
53.81217	0.18516
53.77508	0.21295
53.73800	0.23959
53.70091	0.26187
53.66382	0.27714
53.62674	0.28370
53.58965	0.28100
53.55256	0.26986
53.51548	0.25269
53.47839	0.23350
53.44131	0.21737
53.40422	0.20933
53.36713	0.21257
53.33005	0.22704
53.29296	0.24897
53.25587	0.27165
53.21879	0.28758
53.18170	0.29123
53.14462	0.28124
53.10753	0.26110
53.07044	0.23766
53.03336	0.21814
52.99627	0.20688
52.95918	0.20319
52.92210	0.20153
52.88501	0.19386
52.84793	0.17340
52.81084	0.13788
52.77375	0.09107
52.73667	0.04160
52.69958	-0.00022
52.66249	-0.02635
52.62541	-0.03389
52.58832	-0.02566
52.55124	-0.00844
52.51415	0.01038
52.47706	0.02599
52.43998	0.03781
52.40289	0.04895
52.36580	0.06398
52.32872	0.08609
52.29163	0.11533
52.25455	0.14841
52.21746	0.18020
52.18037	0.19912
52.14329	0.21208
52.10620	0.21993
52.06911	0.22443
52.03203	0.22739
51.99494	0.22996
51.95786	0.23221
51.92077	0.23327
51.88368	0.23163
51.84660	0.22558
51.80951	0.21357
51.77242	0.19448
51.73534	0.16779
51.69825	0.13372
51.66116	0.09340
51.62408	0.04895
51.58699	0.00337
51.54991	-0.03970
51.51282	-0.07653
51.47573	-0.10386
51.43865	-0.11948
51.40156	-0.12258
51.36447	-0.11392
51.32739	-0.09569
51.29030	-0.07114
51.25322	-0.04411
51.21613	-0.01847
51.17904	0.00253
51.14196	0.01680
51.10487	0.02380
51.06778	0.02446
51.03070	0.02082
50.99361	0.01056
50.95653	-0.00174
50.91944	-0.01665
50.88235	-0.03562
50.84527	-0.05907
50.80818	-0.08469
50.77109	-0.10724
50.73401	-0.12068
50.69692	-0.12162
50.65984	-0.11205
50.62275	-0.09915
50.58566	-0.09175
50.54858	-0.09511
50.51149	-0.10711
50.47440	-0.11871
50.43732	-0.11879
50.40023	-0.10079
50.36315	-0.06711
50.32606	-0.02810
50.28897	0.00392
50.25189	0.02197
50.21480	0.02855
50.17771	0.03352
50.14063	0.04721
50.10354	0.07308
50.06646	0.10507
50.02937	0.13145
49.99228	0.14291
