200.00622	0.28662
199.96913	0.30374
199.93205	0.31432
199.89496	0.31998
199.85787	0.32546
199.82079	0.33662
199.78370	0.35793
199.74661	0.39038
199.70953	0.43084
199.67244	0.47317
199.63536	0.51034
199.59827	0.53675
199.56118	0.54973
199.52410	0.54983
199.48701	0.53998
199.44992	0.52424
199.41284	0.50672
199.37575	0.49079
199.33867	0.47895
199.30158	0.47221
199.26449	0.47018
199.22741	0.47089
199.19032	0.47100
199.15323	0.46672
199.11615	0.45531
199.07906	0.43666
199.04198	0.41405
199.00489	0.39353
198.96780	0.38164
198.93072	0.38242
198.89363	0.39479
198.85654	0.41181
198.81946	0.42235
198.78237	0.41494
198.74529	0.38234
198.70820	0.32495
198.67111	0.25159
198.63403	0.17702
198.59694	0.11723
198.55985	0.08419
198.52277	0.08215
198.48568	0.10683
198.44860	0.14768
198.41151	0.19202
198.37442	0.22933
198.33734	0.25388
198.30025	0.26511
198.26316	0.26597
198.22608	0.26040
198.18899	0.25135
198.15191	0.24176
198.11482	0.23063
198.07773	0.21845
198.04065	0.20683
198.00356	0.19863
197.96647	0.19724
197.92939	0.20575
197.89230	0.22642
197.85522	0.26073
197.81813	0.30990
197.78104	0.37506
197.74396	0.45649
197.70687	0.55169
197.66978	0.65304
197.63270	0.74635
197.59561	0.81169
197.55853	0.82727
197.52144	0.77579
197.48435	0.65118
197.44727	0.46311
197.41018	0.23716
197.37309	0.00955
197.33601	-0.18192
197.29892	-0.30809
197.26184	-0.35612
197.22475	-0.33187
197.18766	-0.25642
197.15058	-0.15814
197.11349	-0.06345
197.07640	0.01028
197.03932	0.05753
197.00223	0.08281
196.96515	0.09312
196.92806	0.10186
196.89097	0.11449
196.85389	0.13092
196.81680	0.14735
196.77971	0.15920
196.74263	0.16307
196.70554	0.15735
196.66846	0.14182
196.63137	0.11752
196.59428	0.08749
196.55720	0.05802
196.52011	0.03918
196.48302	0.04316
196.44594	0.08021
196.40885	0.15342
196.37176	0.25486
196.33468	0.36550
196.29759	0.45979
196.26051	0.51379
196.22342	0.51350
196.18633	0.46010
196.14925	0.36939
196.11216	0.26596
196.07507	0.17442
196.03799	0.11143
196.00090	0.08188
195.96382	0.08013
195.92673	0.09508
195.88964	0.11627
195.85256	0.13809
195.81547	0.16061
195.77838	0.18318
195.74130	0.21248
195.70421	0.25028
195.66713	0.29528
195.63004	0.34405
195.59295	0.39255
195.55587	0.43724
195.51878	0.47519
195.48169	0.50363
195.44461	0.51946
195.40752	0.51973
195.37044	0.50287
195.33335	0.47020
195.29626	0.42661
195.25918	0.37987
195.22209	0.33830
195.18500	0.30809
195.14792	0.29116
195.11083	0.28483
195.07375	0.28351
195.03666	0.28157
194.99957	0.27602
194.96249	0.26794
194.92540	0.26175
194.88831	0.26297
194.85123	0.27552
194.81414	0.29975
194.77706	0.33218
194.73997	0.36703
194.70288	0.39857
194.66580	0.42338
194.62871	0.44138
194.59162	0.46066
194.55454	0.47869
194.51745	0.49836
194.48037	0.51869
194.44328	0.53419
194.40619	0.53635
194.36911	0.51673
194.33202	0.47032
194.29493	0.39774
194.25785	0.30542
194.22076	0.20369
194.18368	0.10359
194.14659	0.01362
194.10950	-0.06224
194.07242	-0.12474
194.03533	-0.17768
193.99824	-0.22524
193.96116	-0.26934
193.92407	-0.30818
193.88699	-0.33640
193.84990	-0.34704
193.81281	-0.33426
193.77573	-0.29612
193.73864	-0.23607
193.70155	-0.16267
193.66447	-0.08754
193.62738	-0.02209
193.59030	0.02560
193.55321	0.05285
193.51612	0.06258
193.47904	0.06154
193.44195	0.05756
193.40486	0.06148
193.36778	0.07190
193.33069	0.08711
193.29361	0.10259
193.25652	0.11384
193.21943	0.11879
193.18235	0.11867
193.14526	0.11702
193.10817	0.11754
193.07109	0.12222
193.03400	0.13056
192.99692	0.14043
192.95983	0.14979
192.92274	0.15837
192.88566	0.16812
192.84857	0.18234
192.81148	0.20395
192.77440	0.23387
192.73731	0.27037
192.70022	0.30971
192.66314	0.34753
192.62605	0.38021
192.58897	0.40551
192.55188	0.42232
192.51479	0.43001
192.47771	0.42804
192.44062	0.41625
192.40353	0.39580
192.36645	0.36996
192.32936	0.34420
192.29228	0.32503
192.25519	0.31802
192.21810	0.32586
192.18102	0.34711
192.14393	0.37666
192.10684	0.40749
192.06976	0.43302
192.03267	0.44901
191.99559	0.45434
191.95850	0.45048
191.92141	0.44012
191.88433	0.42575
191.84724	0.40887
191.81015	0.39001
191.77307	0.36932
191.73598	0.34729
191.69890	0.32519
191.66181	0.30508
191.62472	0.28950
191.58764	0.28106
191.55055	0.28199
191.51346	0.29374
191.47638	0.31650
191.43929	0.34875
191.40221	0.38704
191.36512	0.42633
191.32803	0.46100
191.29095	0.48622
191.25386	0.49931
191.21677	0.50033
191.17969	0.49152
191.14260	0.47596
191.10552	0.45605
191.06843	0.43268
191.03134	0.40650
190.99426	0.37733
190.95717	0.34765
190.92008	0.32268
190.88300	0.30924
190.84591	0.31318
190.80883	0.33613
190.77174	0.37340
190.73465	0.41410
190.69757	0.44408
190.66048	0.45057
190.62339	0.42688
190.58631	0.37505
190.54922	0.30526
190.51214	0.23218
190.47505	0.16971
190.43796	0.12649
190.40088	0.10379
190.36379	0.09674
190.32670	0.09787
190.28962	0.10126
190.25253	0.10514
190.21545	0.11196
190.17836	0.12603
190.14127	0.15014
190.10419	0.18301
190.06710	0.21904
190.03001	0.25032
189.99293	0.27008
189.95584	0.27569
189.91876	0.26980
189.88167	0.25895
189.84458	0.25039
189.80750	0.24917
189.77041	0.25586
189.73332	0.26694
189.69624	0.27680
189.65915	0.28058
189.62207	0.27635
189.58498	0.26584
189.54789	0.25337
189.51081	0.24367
189.47372	0.23971
189.43663	0.24143
189.39955	0.24595
189.36246	0.24898
189.32537	0.24669
189.28829	0.23717
189.25120	0.22102
189.21412	0.20085
189.17703	0.18024
189.13994	0.16257
189.10286	0.15023
189.06577	0.14450
189.02868	0.14578
188.99160	0.15401
188.95451	0.16896
188.91743	0.19023
188.88034	0.21694
188.84325	0.24746
188.80617	0.27925
188.76908	0.30895
188.73199	0.33295
188.69491	0.34812
188.65782	0.35169
188.62074	0.34390
188.58365	0.32700
188.54656	0.30473
188.50948	0.28107
188.47239	0.25887
188.43530	0.23878
188.39822	0.21906
188.36113	0.19644
188.32405	0.16778
188.28696	0.13201
188.24987	0.09132
188.21279	0.05115
188.17570	0.01875
188.13861	0.00091
188.10153	0.00180
188.06444	0.02184
188.02736	0.05802
187.99027	0.10534
187.95318	0.15858
187.91610	0.21341
187.87901	0.26636
187.84192	0.31389
187.80484	0.35143
187.76775	0.37338
187.73067	0.37446
187.69358	0.35212
187.65649	0.30872
187.61941	0.25230
187.58232	0.19503
187.54523	0.14966
187.50815	0.12531
187.47106	0.12440
187.43398	0.14127
187.39689	0.16596
187.35980	0.18752
187.32272	0.19810
187.28563	0.19559
187.24854	0.18390
187.21146	0.17086
187.17437	0.16493
187.13729	0.17201
187.10020	0.19368
187.06311	0.22712
187.02603	0.26663
186.98894	0.30591
186.95185	0.34009
186.91477	0.36701
186.87768	0.38750
186.84060	0.40464
186.80351	0.42229
186.76642	0.44340
186.72934	0.46845
186.69225	0.49451
186.65516	0.51554
186.61808	0.52392
186.58099	0.51294
186.54391	0.47954
186.50682	0.42605
186.46973	0.36017
186.43265	0.29287
186.39556	0.23494
186.35847	0.19356
186.32139	0.17035
186.28430	0.16455
186.24722	0.16613
186.21013	0.17000
186.17304	0.17398
186.13596	0.17890
186.09887	0.18729
186.06178	0.20123
186.02470	0.22081
185.98761	0.24364
185.95052	0.26588
185.91344	0.28397
185.87635	0.29624
185.83927	0.30331
185.80218	0.30735
185.76509	0.31033
185.72801	0.31261
185.69092	0.31242
185.65383	0.30685
185.61675	0.29376
185.57966	0.27360
185.54258	0.25014
185.50549	0.22952
185.46840	0.21787
185.43132	0.21876
185.39423	0.23145
185.35714	0.25103
185.32006	0.27032
185.28297	0.28270
185.24589	0.28461
185.20880	0.27663
185.17171	0.26272
185.13463	0.24808
185.09754	0.24209
185.06045	0.24319
185.02337	0.24958
184.98628	0.25722
184.94920	0.26236
184.91211	0.26369
184.87502	0.26291
184.83794	0.26342
184.80085	0.26816
184.76376	0.27765
184.72668	0.28960
184.68959	0.29994
184.65251	0.30491
184.61542	0.30286
184.57833	0.29496
184.54125	0.28462
184.50416	0.27618
184.46707	0.27345
184.42999	0.27889
184.39290	0.29341
184.35582	0.31661
184.31873	0.34689
184.28164	0.38163
184.24456	0.41731
184.20747	0.44999
184.17038	0.47616
184.13330	0.49356
184.09621	0.50168
184.05913	0.50135
184.02204	0.49395
183.98495	0.48058
183.94787	0.46201
183.91078	0.43939
183.87369	0.41583
183.83661	0.39639
183.79952	0.38719
183.76244	0.39283
183.72535	0.41343
183.68826	0.44300
183.65118	0.47072
183.61409	0.48503
183.57700	0.47898
183.53992	0.45421
183.50283	0.42122
183.46575	0.39533
183.42866	0.38994
183.39157	0.41026
183.35449	0.45075
183.31740	0.49766
183.28031	0.53544
183.24323	0.55384
183.20614	0.55206
183.16906	0.53786
183.13197	0.52240
183.09488	0.51367
183.05780	0.51230
183.02071	0.51196
182.98362	0.50391
182.94654	0.48308
182.90945	0.45202
182.87237	0.42028
182.83528	0.39964
182.79819	0.39769
182.76111	0.41344
182.72402	0.43724
182.68693	0.45655
182.64985	0.46111
182.61276	0.44783
182.57567	0.42198
182.53859	0.39430
182.50150	0.37568
182.46442	0.37234
182.42733	0.38353
182.39024	0.40282
182.35316	0.42160
182.31607	0.43292
182.27898	0.43376
182.24190	0.42497
182.20481	0.40976
182.16773	0.39188
182.13064	0.37468
182.09355	0.36125
182.05647	0.35470
182.01938	0.35803
181.98229	0.37281
181.94521	0.39773
181.90812	0.42774
181.87104	0.45506
181.83395	0.47170
181.79686	0.47252
181.75978	0.45710
181.72269	0.42918
181.68560	0.39413
181.64852	0.35581
181.61143	0.31482
181.57435	0.26945
181.53726	0.22010
181.50017	0.16810
181.46309	0.12144
181.42600	0.09108
181.38891	0.08627
181.35183	0.10949
181.31474	0.15396
181.27766	0.20542
181.24057	0.24778
181.20348	0.26992
181.16640	0.27033
181.12931	0.25710
181.09222	0.24326
181.05514	0.23994
181.01805	0.25084
180.98097	0.27104
180.94388	0.29062
180.90679	0.30071
180.86971	0.29883
180.83262	0.29016
180.79553	0.28439
180.75845	0.28997
180.72136	0.30945
180.68428	0.33865
180.64719	0.37033
180.61010	0.40002
180.57302	0.43028
180.53593	0.47023
180.49884	0.53000
180.46176	0.61271
180.42467	0.70863
180.38759	0.79538
180.35050	0.84731
180.31341	0.83628
180.27633	0.75640
180.23924	0.62280
180.20215	0.46627
180.16507	0.32103
180.12798	0.21167
180.09090	0.14544
180.05381	0.11333
180.01672	0.09847
179.97964	0.08690
179.94255	0.07474
179.90546	0.06826
179.86838	0.07760
179.83129	0.10841
179.79421	0.15673
179.75712	0.21005
179.72003	0.25378
179.68295	0.27900
179.64586	0.28669
179.60877	0.28589
179.57169	0.28724
179.53460	0.29608
179.49752	0.31008
179.46043	0.32321
179.42334	0.33405
179.38626	0.35311
179.34917	0.40373
179.31208	0.51408
179.27500	0.70309
179.23791	0.96677
179.20082	1.27212
179.16374	1.55769
179.12665	1.75484
179.08957	1.81820
179.05248	1.73626
179.01539	1.53414
178.97831	1.26308
178.94122	0.98218
178.90413	0.74031
178.86705	0.56533
178.82996	0.46279
178.79288	0.42223
178.75579	0.42601
178.71870	0.45638
178.68162	0.49882
178.64453	0.54250
178.60744	0.58006
178.57036	0.60800
178.53327	0.62761
178.49619	0.64471
178.45910	0.66708
178.42201	0.69999
178.38493	0.74199
178.34784	0.78384
178.31075	0.81181
178.27367	0.81423
178.23658	0.78788
178.19950	0.74065
178.16241	0.68860
178.12532	0.64890
178.08824	0.63230
178.05115	0.63916
178.01406	0.66107
177.97698	0.68902
177.93989	0.71588
177.90281	0.74001
177.86572	0.76478
177.82863	0.79456
177.79155	0.83086
177.75446	0.87121
177.71737	0.91147
177.68029	0.94937
177.64320	0.98643
177.60612	1.02640
177.56903	1.07106
177.53194	1.11631
177.49486	1.15189
177.45777	1.16549
177.42068	1.14959
177.38360	1.10666
177.34651	1.04934
177.30943	0.99487
177.27234	0.95676
177.23525	0.93863
177.19817	0.93386
177.16108	0.93134
177.12399	0.92366
177.08691	0.91243
177.04982	0.90713
177.01274	0.91815
176.97565	0.94853
176.93856	0.99001
176.90148	1.02643
176.86439	1.04282
176.82730	1.03440
176.79022	1.00900
176.75313	0.98296
176.71605	0.96865
176.67896	0.96504
176.64187	0.95689
176.60479	0.92409
176.56770	0.85624
176.53061	0.76330
176.49353	0.67498
176.45644	0.62775
176.41936	0.64655
176.38227	0.73150
176.34518	0.85809
176.30810	0.99066
176.27101	1.10107
176.23392	1.18077
176.19684	1.23853
176.15975	1.28574
176.12267	1.32059
176.08558	1.32444
176.04849	1.27746
176.01141	1.18719
175.97432	1.11255
175.93723	1.16359
175.90015	1.46746
175.86306	2.10918
175.82598	3.07310
175.78889	4.21570
175.75180	5.29057
175.71472	6.02245
175.67763	6.20359
175.64054	5.77221
175.60346	4.82612
175.56637	3.61996
175.52928	2.44869
175.49220	1.55281
175.45511	1.04759
175.41803	0.90850
175.38094	1.01132
175.34385	1.20223
175.30677	1.36301
175.26968	1.44428
175.23259	1.45919
175.19551	1.45009
175.15842	1.45125
175.12134	1.46784
175.08425	1.47849
175.04716	1.45435
175.01008	1.37977
174.97299	1.26183
174.93590	1.12470
174.89882	0.99515
174.86173	0.88948
174.82465	0.80991
174.78756	0.75080
174.75047	0.70877
174.71339	0.68842
174.67630	0.69978
174.63921	0.74915
174.60213	0.83049
174.56504	0.92354
174.52796	1.00099
174.49087	1.04050
174.45378	1.03455
174.41670	0.98955
174.37961	0.92671
174.34252	0.86442
174.30544	0.81079
174.26835	0.76250
174.23127	0.71115
174.19418	0.65210
174.15709	0.58935
174.12001	0.53345
174.08292	0.49410
174.04583	0.47283
174.00875	0.46093
173.97166	0.44427
173.93458	0.41163
173.89749	0.36138
173.86040	0.30200
173.82332	0.24637
173.78623	0.20384
173.74914	0.17518
173.71206	0.15368
173.67497	0.13134
173.63789	0.10580
173.60080	0.08327
173.56371	0.07550
173.52663	0.09268
173.48954	0.13680
173.45245	0.19957
173.41537	0.26591
173.37828	0.32068
173.34120	0.35446
173.30411	0.36551
173.26702	0.35758
173.22994	0.34433
173.19285	0.32268
173.15576	0.29828
173.11868	0.27865
173.08159	0.27403
173.04451	0.29507
173.00742	0.34784
172.97033	0.42970
172.93325	0.52905
172.89616	0.62966
172.85907	0.71716
172.82199	0.78390
172.78490	0.82976
172.74782	0.86009
172.71073	0.88335
172.67364	0.91064
172.63656	0.95611
172.59947	1.03443
172.56238	1.15263
172.52530	1.29789
172.48821	1.42867
172.45113	1.47823
172.41404	1.37543
172.37695	1.07739
172.33987	0.59947
172.30278	0.02507
172.26569	-0.51457
172.22861	-0.88561
172.19152	-1.00291
172.15443	-0.86291
172.11735	-0.54200
172.08026	-0.16100
172.04318	0.14353
172.00609	0.33862
171.96900	0.42340
171.93192	0.43679
171.89483	0.42664
171.85774	0.42261
171.82066	0.42638
171.78357	0.42141
171.74649	0.39298
171.70940	0.34413
171.67231	0.29775
171.63523	0.28431
171.59814	0.32398
171.56105	0.41470
171.52397	0.53323
171.48688	0.64777
171.44980	0.73386
171.41271	0.78417
171.37562	0.80751
171.33854	0.81924
171.30145	0.83042
171.26436	0.84233
171.22728	0.84886
171.19019	0.84346
171.15311	0.82511
171.11602	0.79918
171.07893	0.77341
171.04185	0.75282
171.00476	0.73779
170.96767	0.72660
170.93059	0.72016
170.89350	0.72445
170.85642	0.75277
170.81933	0.80451
170.78224	0.87467
170.74516	0.94714
170.70807	1.00094
170.67098	1.02007
170.63390	1.00067
170.59681	0.95112
170.55973	0.88515
170.52264	0.81321
170.48555	0.73793
170.44847	0.65653
170.41138	0.56769
170.37429	0.47733
170.33721	0.39834
170.30012	0.34426
170.26304	0.32114
170.22595	0.32355
170.18886	0.33778
170.15178	0.35018
170.11469	0.35502
170.07760	0.35644
170.04052	0.36356
170.00343	0.38236
169.96635	0.41033
169.92926	0.43750
169.89217	0.45298
169.85509	0.45196
169.81800	0.43792
169.78091	0.41851
169.74383	0.39829
169.70674	0.37374
169.66966	0.32884
169.63257	0.26244
169.59548	0.17449
169.55840	0.07824
169.52131	-0.00307
169.48422	-0.04746
169.44714	-0.04667
169.41005	-0.01165
169.37297	0.03291
169.33588	0.06172
169.29879	0.06133
169.26171	0.03451
169.22462	-0.00511
169.18753	-0.04320
169.15045	-0.07194
169.11336	-0.08980
169.07628	-0.09584
169.03919	-0.08470
169.00210	-0.04762
168.96502	0.02052
168.92793	0.11370
168.89084	0.21371
168.85376	0.29771
168.81667	0.35025
168.77958	0.37144
168.74250	0.37533
168.70541	0.37956
168.66833	0.39352
168.63124	0.41366
168.59415	0.42910
168.55707	0.43305
168.51998	0.43117
168.48289	0.43375
168.44581	0.45875
168.40872	0.51162
168.37164	0.58492
168.33455	0.66231
168.29746	0.72784
168.26038	0.77492
168.22329	0.80905
168.18620	0.84286
168.14912	0.88671
168.11203	0.94146
168.07495	0.99787
168.03786	1.04319
168.00077	1.07023
167.96369	1.08280
167.92660	1.09365
167.88951	1.11603
167.85243	1.15457
167.81534	1.20134
167.77826	1.23997
167.74117	1.25529
167.70408	1.24234
167.66700	1.20908
167.62991	1.17128
167.59282	1.14301
167.55574	1.12892
167.51865	1.12319
167.48157	1.11520
167.44448	1.09777
167.40739	1.07206
167.37031	1.04593
167.33322	1.02709
167.29613	1.01518
167.25905	1.00368
167.22196	0.98162
167.18488	0.94355
167.14779	0.89561
167.11070	0.85389
167.07362	0.83566
167.03653	0.84865
166.99944	0.88547
166.96236	0.92719
166.92527	0.95410
166.88819	0.95714
166.85110	0.94248
166.81401	0.92631
166.77693	0.92326
166.73984	0.93594
166.70275	0.95260
166.66567	0.95473
166.62858	0.92943
166.59150	0.87886
166.55441	0.82010
166.51732	0.77544
166.48024	0.75923
166.44315	0.76960
166.40606	0.79048
166.36898	0.80246
166.33189	0.79571
166.29481	0.77647
166.25772	0.76306
166.22063	0.77396
166.18355	0.81553
166.14646	0.87690
166.10937	0.93359
166.07229	0.95551
166.03520	0.92826
165.99812	0.85632
165.96103	0.75662
165.92394	0.64714
165.88686	0.53897
165.84977	0.43674
165.81268	0.34473
165.77560	0.27169
165.73851	0.22878
165.70143	0.22121
165.66434	0.24044
165.62725	0.26436
165.59017	0.26757
165.55308	0.23628
165.51599	0.17782
165.47891	0.11778
165.44182	0.08575
165.40473	0.09842
165.36765	0.15080
165.33056	0.22119
165.29348	0.28627
165.25639	0.33648
165.21930	0.38175
165.18222	0.44451
165.14513	0.54444
165.10804	0.68438
165.07096	0.84452
165.03387	0.98693
164.99679	1.06685
164.95970	1.04580
164.92261	0.93033
164.88553	0.71246
164.84844	0.41604
164.81135	0.08781
164.77427	-0.20957
164.73718	-0.41287
164.70010	-0.47873
164.66301	-0.40121
164.62592	-0.21686
164.58884	0.00761
164.55175	0.20184
164.51466	0.32040
164.47758	0.35940
164.44049	0.35223
164.40341	0.34707
164.36632	0.37890
164.32923	0.45175
164.29215	0.54086
164.25506	0.61203
164.21797	0.64530
164.18089	0.64773
164.14380	0.64752
164.10672	0.67407
164.06963	0.73752
164.03254	0.82162
163.99546	0.89471
163.95837	0.93144
163.92128	0.93062
163.88420	0.91714
163.84711	0.92638
163.81003	0.98130
163.77294	1.07742
163.73585	1.16802
163.69877	1.23696
163.66168	1.26570
163.62459	1.25981
163.58751	1.24387
163.55042	1.24462
163.51334	1.27368
163.47625	1.32114
163.43916	1.36392
163.40208	1.38310
163.36499	1.37813
163.32790	1.36799
163.29082	1.37797
163.25373	1.42066
163.21665	1.48429
163.17956	1.53703
163.14247	1.54592
163.10539	1.49884
163.06830	1.41520
163.03121	1.33754
162.99413	1.30786
162.95704	1.34269
162.91996	1.42237
162.88287	1.50151
162.84578	1.53499
162.80870	1.50379
162.77161	1.42511
162.73452	1.34071
162.69744	1.29104
162.66035	1.29123
162.62327	1.32397
162.58618	1.35322
162.54909	1.30925
162.51201	1.22868
162.47492	1.12990
162.43783	1.04205
162.40075	0.98843
162.36366	0.97269
162.32658	0.97581
162.28949	0.96578
162.25240	0.91506
162.21532	0.81636
162.17823	0.68793
162.14114	0.56520
162.10406	0.48262
162.06697	0.45554
162.02989	0.47162
161.99280	0.49679
161.95571	0.49280
161.91863	0.43715
161.88154	0.33505
161.84445	0.21675
161.80737	0.12195
161.77028	0.07945
161.73319	0.09292
161.69611	0.14050
161.65902	0.18794
161.62194	0.20816
161.58485	0.19608
161.54776	0.17062
161.51068	0.16267
161.47359	0.19585
161.43650	0.27102
161.39942	0.36361
161.36233	0.44918
161.32525	0.46686
161.28816	0.41707
161.25107	0.34065
161.21399	0.29517
161.17690	0.31944
161.13981	0.40936
161.10273	0.52169
161.06564	0.60440
161.02856	0.63435
160.99147	0.63713
160.95438	0.67466
160.91730	0.80661
160.88021	1.04943
160.84312	1.35970
160.80604	1.65390
160.76895	1.85405
160.73187	1.93167
160.69478	1.92256
160.65769	1.90292
160.62061	1.94157
160.58352	2.05817
160.54643	2.21402
160.50935	2.34107
160.47226	2.39020
160.43518	2.36703
160.39809	2.33120
160.36100	2.35870
160.32392	2.49114
160.28683	2.70525
160.24974	2.92357
160.21266	3.06112
160.17557	3.07643
160.13849	3.00497
160.10140	2.93415
160.06431	2.95113
160.02723	3.08818
159.99014	3.30246
159.95305	3.50357
159.91597	3.61185
159.87888	3.60985
159.84180	3.55374
159.80471	3.53694
159.76762	3.62942
159.73054	3.83234
159.69345	4.07814
159.65636	4.27622
159.61928	4.37453
159.58219	4.39569
159.54511	4.42278
159.50802	4.54283
159.47093	4.78487
159.43385	5.09435
159.39676	5.36274
159.35967	5.49493
159.32259	5.47112
159.28550	5.36180
159.24842	5.28412
159.21133	5.32687
159.17424	5.49280
159.13716	5.69763
159.10007	5.82816
159.06298	5.82230
159.02590	5.71731
158.98881	5.63114
158.95173	5.68707
158.91464	5.92694
158.87755	6.27491
158.84047	6.57874
158.80338	6.70741
158.76629	6.64344
158.72921	6.50728
158.69212	6.49141
158.65504	6.73966
158.61795	7.24625
158.58086	7.84119
158.54378	8.27739
158.50669	8.37049
158.46960	8.10617
158.43252	7.64650
158.39543	7.22876
158.35834	7.01922
158.32126	7.01466
158.28417	7.05726
158.24709	6.95472
158.21000	6.62803
158.17291	6.18629
158.13583	5.87199
158.09874	5.90483
158.06165	6.32371
158.02457	6.93556
157.98748	7.41610
157.95040	7.50735
157.91331	7.18473
157.87622	6.67578
157.83914	6.30383
157.80205	6.25271
157.76496	6.42013
157.72788	6.50068
157.69079	6.29700
157.65371	6.09965
157.61662	6.88196
157.57953	10.10763
157.54245	17.13724
157.50536	28.45378
157.46827	43.07967
157.43119	58.52763
157.39410	71.41104
157.35702	78.53115
157.31993	78.01205
157.28284	69.99918
157.24576	56.61479
157.20867	41.18593
157.17158	27.07991
157.13450	16.63788
157.09741	10.62223
157.06033	8.33507
157.02324	8.25609
156.98615	8.84259
156.94907	9.12049
156.91198	8.85703
156.87489	8.34285
156.83781	7.99276
156.80072	8.01854
156.76364	8.33056
156.72655	8.66364
156.68946	8.79432
156.65238	8.68928
156.61529	8.49754
156.57820	8.41313
156.54112	8.51937
156.50403	8.72369
156.46695	8.82389
156.42986	8.65460
156.39277	8.21133
156.35569	7.66756
156.31860	7.27356
156.28151	7.20277
156.24443	7.44387
156.20734	7.80629
156.17026	8.03379
156.13317	7.95408
156.09608	7.57292
156.05900	7.05855
156.02191	6.63202
155.98482	6.43497
155.94774	6.45618
155.91065	6.55711
155.87357	6.57305
155.83648	6.42140
155.79939	6.14869
155.76231	5.89038
155.72522	5.77441
155.68813	5.83354
155.65105	5.98258
155.61396	6.07300
155.57688	5.98749
155.53979	5.71298
155.50270	5.34670
155.46562	5.03377
155.42853	4.87770
155.39144	4.88184
155.35436	4.95500
155.31727	4.97558
155.28019	4.87025
155.24310	4.65698
155.20601	4.42705
155.16893	4.28093
155.13184	4.26147
155.09475	4.32773
155.05767	4.38475
155.02058	4.34795
154.98349	4.19909
154.94641	3.99754
154.90932	3.84060
154.87224	3.79954
154.83515	3.87291
154.79806	3.98681
154.76098	4.04074
154.72389	3.96887
154.68680	3.77760
154.64972	3.53674
154.61263	3.33189
154.57555	3.20996
154.53846	3.15299
154.50137	3.09581
154.46429	2.97405
154.42720	2.76959
154.39011	2.52311
154.35303	2.30537
154.31594	2.16656
154.27886	2.09735
154.24177	2.02773
154.20468	1.86886
154.16760	1.56628
154.13051	1.13947
154.09342	0.68036
154.05634	0.31209
154.01925	0.13209
153.98217	0.17127
153.94508	0.38962
153.90799	0.70650
153.87091	1.04369
153.83382	1.35519
153.79673	1.62903
153.75965	1.86626
153.72256	2.05658
153.68548	2.16990
153.64839	2.17051
153.61130	2.04319
153.57422	1.81166
153.53713	1.53464
153.50004	1.27961
153.46296	1.08981
153.42587	0.96521
153.38879	0.86916
153.35170	0.75662
153.31461	0.60554
153.27753	0.43145
153.24044	0.27608
153.20335	0.17792
153.16627	0.14403
153.12918	0.14197
153.09210	0.11726
153.05501	0.08781
153.01792	0.00022
152.98084	-0.12395
152.94375	-0.24524
152.90666	-0.32470
152.86958	-0.34150
152.83249	-0.30090
152.79541	-0.22904
152.75832	-0.15782
152.72123	-0.10808
152.68415	-0.07984
152.64706	-0.05440
152.60997	-0.00658
152.57289	0.07990
152.53580	0.20216
152.49872	0.33874
152.46163	0.46038
152.42454	0.54525
152.38746	0.59044
152.35037	0.61351
152.31328	0.64342
152.27620	0.70550
152.23911	0.80835
152.20203	0.93928
152.16494	1.07056
152.12785	1.17286
152.09077	1.22900
152.05368	1.24103
152.01659	1.22737
151.97951	1.21216
151.94242	1.21272
151.90534	1.23180
151.86825	1.24140
151.83116	1.24767
151.79408	1.23773
151.75699	1.21590
151.71990	1.19982
151.68282	1.20606
151.64573	1.23579
151.60864	1.27100
151.57156	1.28471
151.53447	1.25902
151.49739	1.19898
151.46030	1.13266
151.42321	1.09622
151.38613	1.11283
151.34904	1.17826
151.31195	1.26245
151.27487	1.32632
151.23778	1.34383
151.20070	1.31581
151.16361	1.26768
151.12652	1.23268
151.08944	1.23144
151.05235	1.26046
151.01526	1.29612
150.97818	1.31090
150.94109	1.29114
150.90401	1.24488
150.86692	1.19548
150.82983	1.16566
150.79275	1.16285
150.75566	1.17544
150.71857	1.18197
150.68149	1.16657
150.64440	1.13158
150.60732	1.09572
150.57023	1.08228
150.53314	1.10309
150.49606	1.14926
150.45897	1.19476
150.42188	1.21086
150.38480	1.18236
150.34771	1.11552
150.31063	1.03333
150.27354	0.96172
150.23645	0.91612
150.19937	0.89731
150.16228	0.89844
150.12519	0.91754
150.08811	0.96505
150.05102	1.05953
150.01394	1.21223
149.97685	1.41016
149.93976	1.60959
149.90268	1.74725
149.86559	1.76571
149.82850	1.64072
149.79142	1.39515
149.75433	1.09120
149.71725	0.80365
149.68016	0.58806
149.64307	0.46008
149.60599	0.39608
149.56890	0.35327
149.53181	0.29682
149.49473	0.25060
149.45764	0.19460
149.42056	0.15355
149.38347	0.14620
149.34638	0.17448
149.30930	0.22235
149.27221	0.26432
149.23512	0.27888
149.19804	0.25926
149.16095	0.21613
149.12387	0.17098
149.08678	0.14424
149.04969	0.14471
149.01261	0.16586
148.97552	0.19084
148.93843	0.20321
148.90135	0.19725
148.86426	0.18222
148.82718	0.17816
148.79009	0.20545
148.75300	0.27363
148.71592	0.37545
148.67883	0.48904
148.64174	0.58735
148.60466	0.64985
148.56757	0.67084
148.53049	0.66052
148.49340	0.63885
148.45631	0.62552
148.41923	0.63155
148.38214	0.65591
148.34505	0.68865
148.30797	0.70921
148.27088	0.71816
148.23380	0.71588
148.19671	0.70969
148.15962	0.70688
148.12254	0.70894
148.08545	0.71104
148.04836	0.70684
148.01128	0.69503
147.97419	0.68262
147.93710	0.68215
147.90002	0.70450
147.86293	0.75164
147.82585	0.81449
147.78876	0.87721
147.75167	0.92564
147.71459	0.95447
147.67750	0.96872
147.64041	0.97854
147.60333	0.99088
147.56624	1.00345
147.52916	1.00538
147.49207	0.98428
147.45498	0.93561
147.41790	0.86816
147.38081	0.80198
147.34372	0.75910
147.30664	0.75234
147.26955	0.77848
147.23247	0.81990
147.19538	0.85378
147.15829	0.86371
147.12121	0.84530
147.08412	0.81219
147.04703	0.78223
147.00995	0.76868
146.97286	0.77336
146.93578	0.78709
146.89869	0.79653
146.86160	0.79251
146.82452	0.77469
146.78743	0.74996
146.75034	0.72645
146.71326	0.70735
146.67617	0.68903
146.63909	0.66445
146.60200	0.62948
146.56491	0.58769
146.52783	0.55008
146.49074	0.52958
146.45365	0.53372
146.41657	0.55982
146.37948	0.59596
146.34240	0.62698
146.30531	0.64206
146.26822	0.63930
146.23114	0.62493
146.19405	0.60784
146.15696	0.59345
146.11988	0.58054
146.08279	0.56317
146.04571	0.53604
146.00862	0.49960
145.97153	0.46141
145.93445	0.42909
145.89736	0.41028
145.86027	0.40702
145.82319	0.41517
145.78610	0.42771
145.74902	0.43916
145.71193	0.44814
145.67484	0.45629
145.63776	0.46458
145.60067	0.46986
145.56358	0.46427
145.52650	0.43853
145.48941	0.38723
145.45233	0.31312
145.41524	0.22742
145.37815	0.14604
145.34107	0.08345
145.30398	0.04765
145.26689	0.03859
145.22981	0.05043
145.19272	0.07565
145.15564	0.10856
145.11855	0.14625
145.08146	0.18727
145.04438	0.22938
145.00729	0.26852
144.97020	0.29963
144.93312	0.31866
144.89603	0.32446
144.85895	0.31908
144.82186	0.30661
144.78477	0.29143
144.74769	0.28549
144.71060	0.28358
144.67351	0.28900
144.63643	0.30357
144.59934	0.32592
144.56225	0.35001
144.52517	0.36581
144.48808	0.36314
144.45100	0.33730
144.41391	0.29326
144.37682	0.24538
144.33974	0.21157
144.30265	0.20461
144.26556	0.22541
144.22848	0.26238
144.19139	0.29773
144.15431	0.31731
144.11722	0.31818
144.08013	0.30935
144.04305	0.30545
144.00596	0.31738
143.96887	0.34607
143.93179	0.38331
143.89470	0.41893
143.85762	0.44935
143.82053	0.48128
143.78344	0.52772
143.74636	0.59832
143.70927	0.69017
143.67218	0.78542
143.63510	0.85761
143.59801	0.88367
143.56093	0.85165
143.52384	0.77813
143.48675	0.68274
143.44967	0.58776
143.41258	0.50979
143.37549	0.45575
143.33841	0.42486
143.30132	0.41406
143.26424	0.42286
143.22715	0.45419
143.19006	0.51069
143.15298	0.58947
143.11589	0.67915
143.07880	0.76205
143.04172	0.82079
143.00463	0.84578
142.96755	0.83884
142.93046	0.81091
142.89337	0.77482
142.85629	0.73790
142.81920	0.69919
142.78211	0.65345
142.74503	0.59982
142.70794	0.54955
142.67086	0.52705
142.63377	0.56212
142.59668	0.67581
142.55960	0.86712
142.52251	1.10744
142.48542	1.34675
142.44834	1.52937
142.41125	1.61275
142.37417	1.58397
142.33708	1.46334
142.29999	1.28224
142.26291	1.07678
142.22582	0.87667
142.18873	0.69983
142.15165	0.55341
142.11456	0.43816
142.07748	0.35263
142.04039	0.29460
142.00330	0.26003
141.96622	0.24172
141.92913	0.22973
141.89204	0.21436
141.85496	0.19006
141.81787	0.15779
141.78079	0.12411
141.74370	0.09721
141.70661	0.08206
141.66953	0.07756
141.63244	0.07741
141.59535	0.07401
141.55827	0.06305
141.52118	0.04609
141.48410	0.02962
141.44701	0.02131
141.40992	0.02601
141.37284	0.04358
141.33575	0.06988
141.29866	0.09980
141.26158	0.13021
141.22449	0.16094
141.18740	0.19407
141.15032	0.22733
141.11323	0.25572
141.07615	0.27215
141.03906	0.27097
141.00197	0.25176
140.96489	0.22083
140.92780	0.18931
140.89071	0.16837
140.85363	0.16412
140.81654	0.17492
140.77946	0.19256
140.74237	0.20666
140.70528	0.20986
140.66820	0.20121
140.63111	0.18608
140.59402	0.17316
140.55694	0.17051
140.51985	0.18283
140.48277	0.21107
140.44568	0.25398
140.40859	0.30983
140.37151	0.37696
140.33442	0.45283
140.29733	0.53241
140.26025	0.60758
140.22316	0.66835
140.18608	0.70586
140.14899	0.71525
140.11190	0.69717
140.07482	0.65691
140.03773	0.60200
140.00064	0.53909
139.96356	0.47459
139.92647	0.41684
139.88939	0.37555
139.85230	0.36133
139.81521	0.38265
139.77813	0.44099
139.74104	0.52664
139.70395	0.61853
139.66687	0.68971
139.62978	0.71717
139.59270	0.69138
139.55561	0.62014
139.51852	0.52368
139.48144	0.42289
139.44435	0.32744
139.40726	0.23211
139.37018	0.12620
139.33309	0.01363
139.29601	-0.06679
139.25892	-0.03448
139.22183	0.21648
139.18475	0.77825
139.14766	1.68095
139.11057	2.85682
139.07349	4.13666
139.03640	5.28669
138.99932	6.07640
138.96223	6.35239
138.92514	6.08891
138.88806	5.39373
138.85097	4.46693
138.81388	3.52339
138.77680	2.74026
138.73971	2.19922
138.70263	1.88540
138.66554	1.72185
138.62845	1.61980
138.59137	1.51944
138.55428	1.40456
138.51719	1.29025
138.48011	1.19722
138.44302	1.13099
138.40594	1.07820
138.36885	1.01974
138.33176	0.94935
138.29468	0.88377
138.25759	0.85636
138.22050	0.89757
138.18342	1.01441
138.14633	1.18194
138.10925	1.35265
138.07216	1.47852
138.03507	1.53319
137.99799	1.52142
137.96090	1.47151
137.92381	1.41617
137.88673	1.37416
137.84964	1.34369
137.81255	1.31030
137.77547	1.26263
137.73838	1.20466
137.70130	1.15576
137.66421	1.13859
137.62712	1.16042
137.59004	1.21188
137.55295	1.26441
137.51586	1.29035
137.47878	1.28027
137.44169	1.24877
137.40461	1.22441
137.36752	1.23016
137.33043	1.26740
137.29335	1.31436
137.25626	1.34017
137.21917	1.32505
137.18209	1.27218
137.14500	1.20254
137.10792	1.13529
137.07083	1.06748
137.03374	0.96854
136.99666	0.79680
136.95957	0.53008
136.92248	0.19219
136.88540	-0.14358
136.84831	-0.38019
136.81123	-0.44086
136.77414	-0.30828
136.73705	-0.03694
136.69997	0.26956
136.66288	0.50487
136.62579	0.60560
136.58871	0.57303
136.55162	0.46139
136.51454	0.34226
136.47745	0.26689
136.44036	0.24711
136.40328	0.26190
136.36619	0.27761
136.32910	0.27500
136.29202	0.25473
136.25493	0.22544
136.21785	0.18784
136.18076	0.13014
136.14367	0.03969
136.10659	-0.07875
136.06950	-0.19542
136.03241	-0.26958
135.99533	-0.28050
135.95824	-0.25528
135.92116	-0.27123
135.88407	-0.42326
135.84698	-0.76928
135.80990	-1.28277
135.77281	-1.84223
135.73572	-2.26917
135.69864	-2.39933
135.66155	-2.15360
135.62447	-1.57293
135.58738	-0.80132
135.55029	-0.02711
135.51321	0.58780
135.47612	0.95725
135.43903	1.08104
135.40195	1.01990
135.36486	0.85489
135.32778	0.65434
135.29069	0.46030
135.25360	0.35353
135.21652	0.26148
135.17943	0.19231
135.14234	0.14509
135.10526	0.11209
135.06817	0.08439
135.03109	0.05810
134.99400	0.03791
134.95691	0.03508
134.91983	0.06046
134.88274	0.11649
134.84565	0.19307
134.80857	0.27035
134.77148	0.32745
134.73440	0.35237
134.69731	0.34731
134.66022	0.32631
134.62314	0.30656
134.58605	0.29850
134.54896	0.30056
134.51188	0.30132
134.47479	0.28750
134.43771	0.25259
134.40062	0.20099
134.36353	0.14544
134.32645	0.09987
134.28936	0.07238
134.25227	0.06256
134.21519	0.06422
134.17810	0.07110
134.14101	0.08126
134.10393	0.09737
134.06684	0.12738
134.02976	0.17474
133.99267	0.23726
133.95558	0.30659
133.91850	0.37110
133.88141	0.42331
133.84432	0.46497
133.80724	0.50426
133.77015	0.54662
133.73307	0.58677
133.69598	0.60968
133.65889	0.60137
133.62181	0.56213
133.58472	0.51157
133.54763	0.48009
133.51055	0.49128
133.47346	0.54688
133.43638	0.62497
133.39929	0.69285
133.36220	0.72601
133.32512	0.72034
133.28803	0.69013
133.25094	0.65454
133.21386	0.62337
133.17677	0.59258
133.13969	0.55169
133.10260	0.49634
133.06551	0.43517
133.02843	0.38527
132.99134	0.35958
132.95425	0.35608
132.91717	0.35779
132.88008	0.34294
132.84300	0.30316
132.80591	0.24239
132.76882	0.17918
132.73174	0.13277
132.69465	0.10954
132.65756	0.10002
132.62048	0.08818
132.58339	0.06538
132.54631	0.03758
132.50922	0.02024
132.47213	0.02497
132.43505	0.04878
132.39796	0.07466
132.36087	0.08368
132.32379	0.06941
132.28670	0.04386
132.24962	0.02991
132.21253	0.04557
132.17544	0.09131
132.13836	0.14948
132.10127	0.19586
132.06418	0.21497
132.02710	0.20838
131.99001	0.19106
131.95293	0.17948
131.91584	0.18086
131.87875	0.19091
131.84167	0.20083
131.80458	0.20672
131.76749	0.21391
131.73041	0.23266
131.69332	0.26072
131.65624	0.30306
131.61915	0.35000
131.58206	0.38774
131.54498	0.40487
131.50789	0.39806
131.47080	0.37383
131.43372	0.34544
131.39663	0.32660
131.35955	0.32529
131.32246	0.34089
131.28537	0.36577
131.24829	0.38984
131.21120	0.40549
131.17411	0.41017
131.13703	0.40572
131.09994	0.39574
131.06286	0.38292
131.02577	0.36818
130.98868	0.35182
130.95160	0.33536
130.91451	0.32240
130.87742	0.31757
130.84034	0.32406
130.80325	0.34137
130.76616	0.36472
130.72908	0.38677
130.69199	0.40061
130.65491	0.40236
130.61782	0.39203
130.58073	0.37252
130.54365	0.34769
130.50656	0.31989
130.46947	0.29278
130.43239	0.27096
130.39530	0.25926
130.35822	0.26167
130.32113	0.27908
130.28404	0.30733
130.24696	0.33712
130.20987	0.35709
130.17278	0.35894
130.13570	0.34186
130.09861	0.31345
130.06153	0.28615
130.02444	0.27071
129.98735	0.27042
129.95027	0.27937
129.91318	0.28594
129.87609	0.27934
129.83901	0.25559
129.80192	0.21933
129.76484	0.18096
129.72775	0.15107
129.69066	0.13565
129.65358	0.13476
129.61649	0.14458
129.57940	0.16090
129.54232	0.18111
129.50523	0.20372
129.46815	0.22617
129.43106	0.24354
129.39397	0.24968
129.35689	0.24075
129.31980	0.21855
129.28271	0.19154
129.24563	0.16985
129.20854	0.16187
129.17146	0.16983
129.13437	0.18856
129.09728	0.20808
129.06020	0.21884
129.02311	0.21655
128.98602	0.20392
128.94894	0.18828
128.91185	0.17669
128.87477	0.17155
128.83768	0.16936
128.80059	0.16336
128.76351	0.14836
128.72642	0.12469
128.68933	0.09856
128.65225	0.07856
128.61516	0.07020
128.57808	0.07193
128.54099	0.07549
128.50390	0.07085
128.46682	0.05335
128.42973	0.02920
128.39264	0.01574
128.35556	0.03551
128.31847	0.10629
128.28139	0.23148
128.24430	0.39552
128.20721	0.56671
128.17013	0.70682
128.13304	0.78755
128.09595	0.79205
128.05887	0.72401
128.02178	0.60509
127.98470	0.46711
127.94761	0.34159
127.91052	0.25072
127.87344	0.20270
127.83635	0.19234
127.79926	0.20591
127.76218	0.22765
127.72509	0.24520
127.68801	0.25238
127.65092	0.24896
127.61383	0.23854
127.57675	0.22594
127.53966	0.21543
127.50257	0.21003
127.46549	0.21156
127.42840	0.22073
127.39131	0.23690
127.35423	0.25763
127.31714	0.27868
127.28006	0.29485
127.24297	0.30181
127.20588	0.29802
127.16880	0.28589
127.13171	0.27124
127.09462	0.26122
127.05754	0.26141
127.02045	0.27362
126.98337	0.29535
126.94628	0.32460
126.90919	0.35327
126.87211	0.37726
126.83502	0.39638
126.79793	0.41376
126.76085	0.43355
126.72376	0.45819
126.68668	0.48655
126.64959	0.51393
126.61250	0.53366
126.57542	0.53961
126.53833	0.52829
126.50124	0.49983
126.46416	0.45759
126.42707	0.40678
126.38999	0.35300
126.35290	0.30102
126.31581	0.25425
126.27873	0.21480
126.24164	0.18382
126.20455	0.16191
126.16747	0.14946
126.13038	0.14686
126.09330	0.15440
126.05621	0.17188
126.01912	0.19808
125.98204	0.23018
125.94495	0.26372
125.90786	0.29317
125.87078	0.31314
125.83369	0.31980
125.79661	0.31187
125.75952	0.28368
125.72243	0.24137
125.68535	0.19015
125.64826	0.13448
125.61117	0.07764
125.57409	0.02285
125.53700	-0.02521
125.49992	-0.06017
125.46283	-0.07565
125.42574	-0.06836
125.38866	-0.04068
125.35157	-0.00091
125.31448	0.03924
125.27740	0.06872
125.24031	0.08066
125.20323	0.07382
125.16614	0.05167
125.12905	0.02047
125.09197	-0.01228
125.05488	-0.03855
125.01779	-0.05032
124.98071	-0.04104
124.94362	-0.00840
124.90654	0.04299
124.86945	0.10097
124.83236	0.14909
124.79528	0.17277
124.75819	0.16582
124.72110	0.13361
124.68402	0.09080
124.64693	0.05450
124.60985	0.03649
124.57276	0.03258
124.53567	0.04025
124.49859	0.05129
124.46150	0.05818
124.42441	0.05729
124.38733	0.05011
124.35024	0.04228
124.31316	0.04105
124.27607	0.05215
124.23898	0.07718
124.20190	0.11270
124.16481	0.15130
124.12772	0.18444
124.09064	0.20597
124.05355	0.21488
124.01646	0.21568
123.97938	0.21640
123.94229	0.22479
123.90521	0.24467
123.86812	0.27429
123.83103	0.30740
123.79395	0.33651
123.75686	0.35643
123.71977	0.36621
123.68269	0.36853
123.64560	0.36713
123.60852	0.36400
123.57143	0.35794
123.53434	0.34548
123.49726	0.32324
123.46017	0.29046
123.42308	0.25010
123.38600	0.20886
123.34891	0.17144
123.31183	0.14329
123.27474	0.12789
123.23765	0.12631
123.20057	0.13768
123.16348	0.16003
123.12639	0.19095
123.08931	0.22788
123.05222	0.26809
123.01514	0.30874
122.97805	0.34722
122.94096	0.38173
122.90388	0.41174
122.86679	0.43785
122.82970	0.46095
122.79262	0.48114
122.75553	0.49692
122.71845	0.50537
122.68136	0.50339
122.64427	0.48935
122.60719	0.46425
122.57010	0.43149
122.53301	0.39537
122.49593	0.35886
122.45884	0.32218
122.42176	0.28304
122.38467	0.23875
122.34758	0.18911
122.31050	0.13845
122.27341	0.09543
122.23632	0.07020
122.19924	0.06791
122.16215	0.09086
122.12507	0.13238
122.08798	0.17894
122.05089	0.21398
122.01381	0.22301
121.97672	0.19800
121.93963	0.13953
121.90255	0.05623
121.86546	-0.03774
121.82838	-0.12624
121.79129	-0.19470
121.75420	-0.23319
121.71712	-0.23859
121.68003	-0.21534
121.64294	-0.17413
121.60586	-0.12826
121.56877	-0.08866
121.53169	-0.05948
121.49460	-0.03668
121.45751	-0.01088
121.42043	0.02646
121.38334	0.07689
121.34625	0.13240
121.30917	0.17874
121.27208	0.20312
121.23500	0.20203
121.19791	0.18396
121.16082	0.16464
121.12374	0.15691
121.08665	0.16120
121.04956	0.16338
121.01248	0.14112
120.97539	0.08477
120.93831	0.00162
120.90122	-0.07706
120.86413	-0.10550
120.82705	-0.04369
120.78996	0.12084
120.75287	0.36095
120.71579	0.61488
120.67870	0.80789
120.64162	0.88127
120.60453	0.81594
120.56744	0.63977
120.53036	0.41549
120.49327	0.21524
120.45618	0.09338
120.41910	0.06930
120.38201	0.12656
120.34492	0.22614
120.30784	0.32626
120.27075	0.39866
120.23367	0.43519
120.19658	0.44386
120.15949	0.43874
120.12241	0.43031
120.08532	0.42087
120.04823	0.40629
120.01115	0.38144
119.97406	0.34541
119.93698	0.30335
119.89989	0.26425
119.86280	0.23670
119.82572	0.21784
119.78863	0.21678
119.75154	0.23002
119.71446	0.25332
119.67737	0.28439
119.64029	0.32334
119.60320	0.37117
119.56611	0.42734
119.52903	0.48815
119.49194	0.54690
119.45485	0.59565
119.41777	0.62753
119.38068	0.63847
119.34360	0.62772
119.30651	0.59742
119.26942	0.55185
119.23234	0.49713
119.19525	0.44110
119.15816	0.39273
119.12108	0.36064
119.08399	0.35043
119.04691	0.36203
119.00982	0.38855
118.97273	0.41780
118.93565	0.43636
118.89856	0.43458
118.86147	0.41009
118.82439	0.36783
118.78730	0.31628
118.75022	0.26216
118.71313	0.20638
118.67604	0.14421
118.63896	0.06158
118.60187	-0.03236
118.56478	-0.12526
118.52770	-0.19473
118.49061	-0.21663
118.45353	-0.17681
118.41644	-0.08018
118.37935	0.04826
118.34227	0.17191
118.30518	0.25670
118.26809	0.28428
118.23101	0.25762
118.19392	0.19699
118.15684	0.12898
118.11975	0.07483
118.08266	0.04381
118.04558	0.03380
118.00849	0.03681
117.97140	0.04486
117.93432	0.05256
117.89723	0.05624
117.86015	0.05221
117.82306	0.03728
117.78597	0.01174
117.74889	-0.01830
117.71180	-0.04343
117.67471	-0.06015
117.63763	-0.08231
117.60054	-0.14657
117.56346	-0.30356
117.52637	-0.59337
117.48928	-1.01430
117.45220	-1.50749
117.41511	-1.93738
117.37802	-2.15252
117.34094	-2.03274
117.30385	-1.54037
117.26677	-0.74396
117.22968	0.19808
117.19259	1.08900
117.15551	1.75880
117.11842	2.11575
117.08133	2.16435
117.04425	1.98575
117.00716	1.69418
116.97007	1.39122
116.93299	1.13732
116.89590	0.94829
116.85882	0.81094
116.82173	0.70437
116.78464	0.61412
116.74756	0.53441
116.71047	0.46221
116.67338	0.39124
116.63630	0.31200
116.59921	0.21788
116.56213	0.11184
116.52504	0.00767
116.48795	-0.07659
116.45087	-0.12911
116.41378	-0.15167
116.37669	-0.15842
116.33961	-0.16606
116.30252	-0.18146
116.26544	-0.19402
116.22835	-0.18456
116.19126	-0.13269
116.15418	-0.03291
116.11709	0.09808
116.08000	0.22564
116.04292	0.31135
116.00583	0.32970
115.96875	0.27870
115.93166	0.17937
115.89457	0.06511
115.85749	-0.03293
115.82040	-0.09683
115.78331	-0.12467
115.74623	-0.12541
115.70914	-0.11041
115.67206	-0.08698
115.63497	-0.05707
115.59788	-0.02041
115.56080	0.02129
115.52371	0.06245
115.48662	0.09536
115.44954	0.11394
115.41245	0.11649
115.37537	0.10560
115.33828	0.08514
115.30119	0.05690
115.26411	0.01940
115.22702	-0.02999
115.18993	-0.09098
115.15285	-0.15723
115.11576	-0.21673
115.07868	-0.25384
115.04159	-0.26348
115.00450	-0.24588
114.96742	-0.20953
114.93033	-0.16710
114.89324	-0.12938
114.85616	-0.10080
114.81907	-0.07857
114.78199	-0.05589
114.74490	-0.02695
114.70781	0.00939
114.67073	0.04904
114.63364	0.08546
114.59655	0.11351
114.55947	0.13198
114.52238	0.14329
114.48530	0.15084
114.44821	0.15618
114.41112	0.15796
114.37404	0.15354
114.33695	0.14200
114.29986	0.12628
114.26278	0.11257
114.22569	0.10675
114.18861	0.10984
114.15152	0.11529
114.11443	0.11032
114.07735	0.08122
114.04026	0.02043
114.00317	-0.06811
113.96609	-0.16832
113.92900	-0.25656
113.89192	-0.30592
113.85483	-0.31252
113.81774	-0.27667
113.78066	-0.20901
113.74357	-0.12630
113.70648	-0.04571
113.66940	0.01987
113.63231	0.06417
113.59522	0.08726
113.55814	0.09344
113.52105	0.08867
113.48397	0.07847
113.44688	0.06685
113.40979	0.05602
113.37271	0.04656
113.33562	0.03787
113.29853	0.02875
113.26145	0.01824
113.22436	0.00638
113.18728	-0.00527
113.15019	-0.01391
113.11310	-0.01644
113.07602	-0.01091
113.03893	0.00235
113.00184	0.02052
112.96476	0.03936
112.92767	0.05500
112.89059	0.06571
112.85350	0.07268
112.81641	0.07937
112.77933	0.08969
112.74224	0.10596
112.70515	0.12529
112.66807	0.14276
112.63098	0.15490
112.59390	0.15903
112.55681	0.15387
112.51972	0.13954
112.48264	0.11713
112.44555	0.08842
112.40846	0.05600
112.37138	0.02343
112.33429	-0.00477
112.29721	-0.02404
112.26012	-0.03114
112.22303	-0.02550
112.18595	-0.00963
112.14886	0.01169
112.11177	0.03333
112.07469	0.05181
112.03760	0.06623
112.00052	0.07785
111.96343	0.08832
111.92634	0.09796
111.88926	0.10505
111.85217	0.10675
111.81508	0.10129
111.77800	0.09002
111.74091	0.07818
111.70383	0.07351
111.66674	0.08336
111.62965	0.11150
111.59257	0.15630
111.55548	0.21110
111.51839	0.26887
111.48131	0.31842
111.44422	0.35362
111.40714	0.37261
111.37005	0.37707
111.33296	0.37032
111.29588	0.35566
111.25879	0.33546
111.22170	0.31133
111.18462	0.28477
111.14753	0.25771
111.11045	0.23242
111.07336	0.21099
111.03627	0.19469
110.99919	0.18366
110.96210	0.17705
110.92501	0.17338
110.88793	0.17088
110.85084	0.16764
110.81376	0.16177
110.77667	0.15178
110.73958	0.13725
110.70250	0.11946
110.66541	0.10149
110.62832	0.08732
110.59124	0.08007
110.55415	0.08013
110.51707	0.08427
110.47998	0.08655
110.44289	0.08092
110.40581	0.06453
110.36872	0.04004
110.33163	0.01574
110.29455	0.00257
110.25746	0.00938
110.22037	0.03831
110.18329	0.08283
110.14620	0.12959
110.10912	0.16331
110.07203	0.17269
110.03494	0.15476
109.99786	0.11584
109.96077	0.06894
109.92368	0.02878
109.88660	0.00677
109.84951	0.00772
109.81243	0.02946
109.77534	0.06480
109.73825	0.10469
109.70117	0.14111
109.66408	0.16864
109.62699	0.18466
109.58991	0.18875
109.55282	0.18193
109.51574	0.16630
109.47865	0.14518
109.44156	0.12312
109.40448	0.10551
109.36739	0.09726
109.33030	0.10111
109.29322	0.11613
109.25613	0.13720
109.21905	0.15620
109.18196	0.16450
109.14487	0.15615
109.10779	0.13011
109.07070	0.09112
109.03361	0.04827
108.99653	0.01166
108.95944	-0.01138
108.92236	-0.01873
108.88527	-0.01362
108.84818	-0.00228
108.81110	0.00958
108.77401	0.01958
108.73692	0.02960
108.69984	0.04403
108.66275	0.06670
108.62567	0.09793
108.58858	0.13350
108.55149	0.16594
108.51441	0.18776
108.47732	0.19459
108.44023	0.18691
108.40315	0.16943
108.36606	0.14863
108.32898	0.12982
108.29189	0.11531
108.25480	0.10449
108.21772	0.09553
108.18063	0.08752
108.14354	0.08172
108.10646	0.08117
108.06937	0.08880
108.03229	0.10531
107.99520	0.12781
107.95811	0.14641
107.92103	0.15914
107.88394	0.16181
107.84685	0.15364
107.80977	0.13763
107.77268	0.11968
107.73560	0.10679
107.69851	0.10502
107.66142	0.11760
107.62434	0.14390
107.58725	0.17939
107.55016	0.21678
107.51308	0.24809
107.47599	0.26698
107.43891	0.27069
107.40182	0.26068
107.36473	0.24190
107.32765	0.22090
107.29056	0.20356
107.25347	0.19359
107.21639	0.19214
107.17930	0.19842
107.14222	0.21075
107.10513	0.22714
107.06804	0.24514
107.03096	0.26127
106.99387	0.27085
106.95678	0.26888
106.91970	0.25190
106.88261	0.22000
106.84553	0.17776
106.80844	0.13305
106.77135	0.09398
106.73427	0.06840
106.69718	0.05409
106.66009	0.04338
106.62301	0.02754
106.58592	0.00201
106.54883	-0.03027
106.51175	-0.05936
106.47466	-0.07277
106.43758	-0.06156
106.40049	-0.02525
106.36340	0.02726
106.32632	0.08111
106.28923	0.12181
106.25214	0.14129
106.21506	0.14088
106.17797	0.13005
106.14089	0.12171
106.10380	0.12651
106.06671	0.14881
106.02963	0.18587
105.99254	0.23000
105.95545	0.27221
105.91837	0.30551
105.88128	0.32652
105.84420	0.33522
105.80711	0.33361
105.77002	0.32423
105.73294	0.30925
105.69585	0.29009
105.65876	0.26740
105.62168	0.24100
105.58459	0.21178
105.54751	0.17681
105.51042	0.13506
105.47333	0.08719
105.43625	0.03663
105.39916	-0.01036
105.36207	-0.04599
105.32499	-0.06331
105.28790	-0.05859
105.25082	-0.03271
105.21373	0.00903
105.17664	0.05861
105.13956	0.10746
105.10247	0.14831
105.06538	0.17598
105.02830	0.18724
104.99121	0.18045
104.95413	0.15553
104.91704	0.11455
104.87995	0.06233
104.84287	0.00637
104.80578	-0.04446
104.76869	-0.08236
104.73161	-0.10311
104.69452	-0.10734
104.65744	-0.09995
104.62035	-0.08753
104.58326	-0.07518
104.54618	-0.06429
104.50909	-0.05235
104.47200	-0.03496
104.43492	-0.00895
104.39783	0.02358
104.36075	0.05898
104.32366	0.09074
104.28657	0.11298
104.24949	0.12299
104.21240	0.12206
104.17531	0.11435
104.13823	0.10442
104.10114	0.09500
104.06406	0.08595
104.02697	0.07513
103.98988	0.06043
103.95280	0.04184
103.91571	0.02243
103.87862	0.00777
103.84154	0.00409
103.80445	0.01615
103.76737	0.04566
103.73028	0.09084
103.69319	0.14693
103.65611	0.20735
103.61902	0.26481
103.58193	0.31242
103.54485	0.34454
103.50776	0.35766
103.47068	0.35103
103.43359	0.32691
103.39650	0.29019
103.35942	0.24720
103.32233	0.20415
103.28524	0.16592
103.24816	0.13541
103.21107	0.11075
103.17398	0.09639
103.13690	0.09226
103.09981	0.09738
103.06273	0.10916
103.02564	0.12280
102.98855	0.13198
102.95147	0.13099
102.91438	0.11774
102.87729	0.09586
102.84021	0.07450
102.80312	0.06508
102.76604	0.07615
102.72895	0.10872
102.69186	0.15460
102.65478	0.19894
102.61769	0.22636
102.58060	0.22784
102.54352	0.20511
102.50643	0.17014
102.46935	0.13999
102.43226	0.12909
102.39517	0.14258
102.35809	0.17385
102.32100	0.20716
102.28391	0.22417
102.24683	0.21123
102.20974	0.16456
102.17266	0.09115
102.13557	0.00579
102.09848	-0.07428
102.06140	-0.13461
102.02431	-0.16382
101.98722	-0.16362
101.95014	-0.13885
101.91305	-0.09772
101.87597	-0.04933
101.83888	-0.00198
101.80179	0.03785
101.76471	0.06602
101.72762	0.08112
101.69053	0.08467
101.65345	0.08076
101.61636	0.07510
101.57928	0.07341
101.54219	0.07983
101.50510	0.09575
101.46802	0.11955
101.43093	0.14721
101.39384	0.17358
101.35676	0.19377
101.31967	0.20422
101.28259	0.20340
101.24550	0.19189
101.20841	0.17219
101.17133	0.14813
101.13424	0.12416
101.09715	0.10467
101.06007	0.09333
101.02298	0.09271
100.98590	0.10408
100.94881	0.12730
100.91172	0.16073
100.87464	0.20095
100.83755	0.24206
100.80046	0.27722
100.76338	0.29976
100.72629	0.30493
100.68921	0.29110
100.65212	0.26026
100.61503	0.21756
100.57795	0.16989
100.54086	0.12409
100.50377	0.08542
100.46669	0.05696
100.42960	0.03995
100.39252	0.03466
100.35543	0.04114
100.31834	0.05903
100.28126	0.08669
100.24417	0.12009
100.20708	0.15273
100.17000	0.17700
100.13291	0.18679
100.09583	0.18012
100.05874	0.16023
100.02165	0.13424
99.98457	0.10985
99.94748	0.09180
99.91039	0.08006
99.87331	0.07104
99.83622	0.06109
99.79913	0.05013
99.76205	0.04309
99.72496	0.04764
99.68788	0.06955
99.65079	0.10812
99.61370	0.15563
99.57662	0.20052
99.53953	0.23396
99.50244	0.25539
99.46536	0.27327
99.42827	0.29955
99.39119	0.34039
99.35410	0.38850
99.31701	0.42237
99.27993	0.41456
99.24284	0.34595
99.20575	0.21886
99.16867	0.06132
99.13158	-0.08128
99.09450	-0.16488
99.05741	-0.16717
99.02032	-0.09987
98.98324	-0.00578
98.94615	0.05884
98.90906	0.04901
98.87198	-0.04854
98.83489	-0.20870
98.79781	-0.37820
98.76072	-0.49745
98.72363	-0.52390
98.68655	-0.44656
98.64946	-0.28625
98.61237	-0.08347
98.57529	0.11902
98.53820	0.29022
98.50112	0.41611
98.46403	0.50029
98.42694	0.54874
98.38986	0.56552
98.35277	0.55164
98.31568	0.50756
98.27860	0.43700
98.24151	0.34895
98.20443	0.25635
98.16734	0.17223
98.13025	0.10549
98.09317	0.05880
98.05608	0.02941
98.01899	0.01215
97.98191	0.00282
97.94482	0.00008
97.90774	0.00527
97.87065	0.02071
97.83356	0.04769
97.79648	0.08549
97.75939	0.13159
97.72230	0.18266
97.68522	0.23549
97.64813	0.28710
97.61105	0.33430
97.57396	0.37304
97.53687	0.39851
97.49979	0.40606
97.46270	0.39283
97.42561	0.35917
97.38853	0.30911
97.35144	0.24952
97.31436	0.18825
97.27727	0.15383
97.24018	0.12481
97.20310	0.10043
97.16601	0.07907
97.12892	0.05902
97.09184	0.03943
97.05475	0.02091
97.01767	0.00548
96.98058	-0.00405
96.94349	-0.00535
96.90641	0.00216
96.86932	0.01650
96.83223	0.03307
96.79515	0.04547
96.75806	0.04711
96.72098	0.03291
96.68389	0.00090
96.64680	-0.04696
96.60972	-0.10488
96.57263	-0.16437
96.53554	-0.21599
96.49846	-0.25158
96.46137	-0.26612
96.42428	-0.25876
96.38720	-0.23281
96.35011	-0.19444
96.31303	-0.15074
96.27594	-0.10766
96.23885	-0.06865
96.20177	-0.03439
96.16468	-0.00382
96.12759	0.02431
96.09051	0.04814
96.05342	0.06643
96.01634	0.07351
95.97925	0.06498
95.94216	0.04080
95.90508	0.00666
95.86799	-0.02731
95.83090	-0.05003
95.79382	-0.05367
95.75673	-0.03644
95.71965	-0.00310
95.68256	0.03709
95.64547	0.07374
95.60839	0.09852
95.57130	0.10720
95.53421	0.10014
95.49713	0.08157
95.46004	0.05822
95.42296	0.03781
95.38587	0.02733
95.34878	0.03136
95.31170	0.05058
95.27461	0.08121
95.23752	0.11579
95.20044	0.14556
95.16335	0.16361
95.12627	0.16761
95.08918	0.16071
95.05209	0.15003
95.01501	0.14318
94.97792	0.14461
94.94083	0.15334
94.90375	0.16357
94.86666	0.16668
94.82958	0.15647
94.79249	0.13161
94.75540	0.09645
94.71832	0.05932
94.68123	0.02938
94.64414	0.01346
94.60706	0.01433
94.56997	0.03079
94.53289	0.05906
94.49580	0.09449
94.45871	0.13278
94.42163	0.17027
94.38454	0.20370
94.34745	0.22996
94.31037	0.24624
94.27328	0.25077
94.23620	0.24359
94.19911	0.22709
94.16202	0.20588
94.12494	0.18613
94.08785	0.17442
94.05076	0.17651
94.01368	0.19604
93.97659	0.23357
93.93951	0.28578
93.90242	0.34553
93.86533	0.40266
93.82825	0.44603
93.79116	0.46610
93.75407	0.45758
93.71699	0.42415
93.67990	0.37129
93.64282	0.30756
93.60573	0.24325
93.56864	0.18802
93.53156	0.14883
93.49447	0.12868
93.45738	0.12630
93.42030	0.13689
93.38321	0.15347
93.34613	0.16859
93.30904	0.17604
93.27195	0.17211
93.23487	0.15625
93.19778	0.13080
93.16069	0.09992
93.12361	0.06802
93.08652	0.03829
93.04943	0.01190
93.01235	-0.01182
92.97526	-0.03416
92.93818	-0.05563
92.90109	-0.07496
92.86400	-0.08913
92.82692	-0.09456
92.78983	-0.08883
92.75274	-0.07196
92.71566	-0.04658
92.67857	-0.01676
92.64149	0.01393
92.60440	0.04395
92.56731	0.07423
92.53023	0.11601
92.49314	0.15825
92.45605	0.19649
92.41897	0.22309
92.38188	0.22899
92.34480	0.20703
92.30771	0.15534
92.27062	0.07928
92.23354	-0.00901
92.19645	-0.09368
92.15936	-0.15962
92.12228	-0.19651
92.08519	-0.20100
92.04811	-0.17623
92.01102	-0.12927
91.97393	-0.06813
91.93685	0.00041
91.89976	0.07110
91.86267	0.13927
91.82559	0.19963
91.78850	0.24639
91.75142	0.27479
91.71433	0.28358
91.67724	0.27671
91.64016	0.26280
91.60307	0.25203
91.56598	0.25161
91.52890	0.26202
91.49181	0.27615
91.45473	0.28217
91.41764	0.26908
91.38055	0.23226
91.34347	0.17409
91.30638	0.10994
91.26929	0.05563
91.23221	0.02256
91.19512	0.01316
91.15804	0.02092
91.12095	0.03478
91.08386	0.04543
91.04678	0.05031
91.00969	0.05448
90.97260	0.06723
90.93552	0.09635
90.89843	0.14306
90.86135	0.20034
90.82426	0.25549
90.78717	0.29532
90.75009	0.31146
90.71300	0.30311
90.67591	0.27627
90.63883	0.24015
90.60174	0.20296
90.56466	0.16904
90.52757	0.13869
90.49048	0.11011
90.45340	0.08213
90.41631	0.05611
90.37922	0.03601
90.34214	0.02694
90.30505	0.03293
90.26797	0.05516
90.23088	0.09133
90.19379	0.13628
90.15671	0.18376
90.11962	0.22627
90.08253	0.25824
90.04545	0.27672
90.00836	0.28206
89.97128	0.27774
89.93419	0.26944
89.89710	0.26324
89.86002	0.26341
89.82293	0.27047
89.78584	0.28066
89.74876	0.28707
89.71167	0.28226
89.67459	0.26142
89.63750	0.22453
89.60041	0.17679
89.56333	0.12689
89.52624	0.08416
89.48915	0.05564
89.45207	0.04451
89.41498	0.05003
89.37789	0.06887
89.34081	0.09667
89.30372	0.12925
89.26664	0.16291
89.22955	0.19419
89.19246	0.21966
89.15538	0.23611
89.11829	0.24119
89.08120	0.23413
89.04412	0.21605
89.00703	0.18963
88.96995	0.15757
88.93286	0.12556
88.89577	0.09583
88.85869	0.07057
88.82160	0.05199
88.78451	0.04216
88.74743	0.04226
88.71034	0.05187
88.67326	0.06849
88.63617	0.08792
88.59908	0.10548
88.56200	0.11754
88.52491	0.12267
88.48782	0.12181
88.45074	0.11727
88.41365	0.11120
88.37657	0.10441
88.33948	0.09633
88.30239	0.08623
88.26531	0.07491
88.22822	0.06582
88.19113	0.06459
88.15405	0.07673
88.11696	0.10457
88.07988	0.14481
88.04279	0.18832
88.00570	0.22257
87.96862	0.23596
87.93153	0.22224
87.89444	0.18301
87.85736	0.12717
87.82027	0.06765
87.78319	0.01350
87.74610	-0.02319
87.70901	-0.04073
87.67193	-0.04315
87.63484	-0.03689
87.59775	-0.02736
87.56067	-0.01703
87.52358	-0.00570
87.48650	0.00773
87.44941	0.02344
87.41232	0.03979
87.37524	0.05407
87.33815	0.06395
87.30106	0.06877
87.26398	0.06980
87.22689	0.06927
87.18981	0.06902
87.15272	0.06955
87.11563	0.07010
87.07855	0.06964
87.04146	0.06795
87.00437	0.06608
86.96729	0.06566
86.93020	0.06758
86.89312	0.07084
86.85603	0.07243
86.81894	0.06862
86.78186	0.05693
86.74477	0.03809
86.70768	0.01659
86.67060	-0.00042
86.63351	-0.00557
86.59643	0.00937
86.55934	0.04187
86.52225	0.08588
86.48517	0.13249
86.44808	0.17327
86.41099	0.20323
86.37391	0.22207
86.33682	0.23325
86.29974	0.24160
86.26265	0.25074
86.22556	0.26144
86.18848	0.27162
86.15139	0.27767
86.11430	0.27618
86.07722	0.26525
86.04013	0.24484
86.00304	0.21636
85.96596	0.18196
85.92887	0.14410
85.89179	0.10555
85.85470	0.06943
85.81761	0.03901
85.78053	0.01692
85.74344	0.00407
85.70635	-0.00093
85.66927	-0.00148
85.63218	-0.00155
85.59510	-0.00368
85.55801	-0.00751
85.52092	-0.00974
85.48384	-0.00578
85.44675	0.00756
85.40966	0.02586
85.37258	0.04711
85.33549	0.06434
85.29841	0.06996
85.26132	0.05898
85.22423	0.03145
85.18715	-0.00723
85.15006	-0.04831
85.11297	-0.08311
85.07589	-0.10622
85.03880	-0.11685
85.00172	-0.11793
84.96463	-0.11358
84.92754	-0.10657
84.89046	-0.09703
84.85337	-0.08311
84.81628	-0.06294
84.77920	-0.03656
84.74211	-0.00659
84.70503	0.02276
84.66794	0.04781
84.63085	0.06732
84.59377	0.08297
84.55668	0.09808
84.51959	0.11523
84.48251	0.13415
84.44542	0.15105
84.40834	0.15995
84.37125	0.15529
84.33416	0.13462
84.29708	0.09995
84.25999	0.05728
84.22290	0.01679
84.18582	-0.01841
84.14873	-0.04372
84.11165	-0.05720
84.07456	-0.05950
84.03747	-0.05279
84.00039	-0.03950
83.96330	-0.02141
83.92621	0.00062
83.88913	0.02616
83.85204	0.05451
83.81496	0.08431
83.77787	0.11373
83.74078	0.14127
83.70370	0.16659
83.66661	0.19095
83.62952	0.21660
83.59244	0.24547
83.55535	0.27754
83.51827	0.30986
83.48118	0.33686
83.44409	0.35198
83.40701	0.35027
83.36992	0.33064
83.33283	0.29691
83.29575	0.25683
83.25866	0.21955
83.22158	0.19240
83.18449	0.17831
83.14740	0.17508
83.11032	0.17668
83.07323	0.17615
83.03614	0.16791
82.99906	0.15132
82.96197	0.13073
82.92489	0.11313
82.88780	0.10491
82.85071	0.10914
82.81363	0.12448
82.77654	0.14616
82.73945	0.16831
82.70237	0.18643
82.66528	0.19878
82.62819	0.20627
82.59111	0.21097
82.55402	0.21424
82.51694	0.21563
82.47985	0.21289
82.44276	0.20332
82.40568	0.18557
82.36859	0.16084
82.33150	0.13292
82.29442	0.10685
82.25733	0.08675
82.22025	0.07394
82.18316	0.06622
82.14607	0.05880
82.10899	0.04647
82.07190	0.02620
82.03481	-0.00111
81.99773	-0.03052
81.96064	-0.05474
81.92356	-0.06691
81.88647	-0.06337
81.84938	-0.04509
81.81230	-0.01589
81.77521	0.01555
81.73812	0.04168
81.70104	0.05874
81.66395	0.06738
81.62687	0.07134
81.58978	0.07487
81.55269	0.08065
81.51561	0.08892
81.47852	0.09838
81.44143	0.10788
81.40435	0.11772
81.36726	0.12994
81.33018	0.14700
81.29309	0.17019
81.25600	0.19842
81.21892	0.22828
81.18183	0.25531
81.14474	0.27577
81.10766	0.28772
81.07057	0.29114
81.03349	0.28703
80.99640	0.27641
80.95931	0.26010
80.92223	0.23948
80.88514	0.21763
80.84805	0.19988
80.81097	0.19274
80.77388	0.20136
80.73680	0.22652
80.69971	0.26279
80.66262	0.29794
80.62554	0.31986
80.58845	0.31857
80.55136	0.29123
80.51428	0.24382
80.47719	0.18895
80.44011	0.14104
80.40302	0.11080
80.36593	0.10167
80.32885	0.10960
80.29176	0.12599
80.25467	0.14206
80.21759	0.15253
80.18050	0.15692
80.14342	0.15821
80.10633	0.15993
80.06924	0.16328
80.03216	0.16591
79.99507	0.16269
79.95798	0.14813
79.92090	0.11902
79.88381	0.07622
79.84673	0.02470
79.80964	-0.02791
79.77255	-0.07376
79.73547	-0.10696
79.69838	-0.12496
79.66129	-0.12865
79.62421	-0.12140
79.58712	-0.10771
79.55004	-0.09186
79.51295	-0.07707
79.47586	-0.05600
79.43878	-0.03642
79.40169	-0.01963
79.36460	-0.00584
79.32752	0.00597
79.29043	0.01757
79.25334	0.03061
79.21626	0.04550
79.17917	0.06063
79.14209	0.07257
79.10500	0.07721
79.06791	0.07172
79.03083	0.05642
78.99374	0.03566
78.95665	0.01682
78.91957	0.00780
78.88248	0.01365
78.84540	0.03405
78.80831	0.06274
78.77122	0.08962
78.73414	0.10451
78.69705	0.10134
78.65996	0.08065
78.62288	0.04949
78.58579	0.01887
78.54871	-0.00028
78.51162	-0.00067
78.47453	0.01941
78.43745	0.05625
78.40036	0.10242
78.36327	0.14900
78.32619	0.18745
78.28910	0.20238
78.25202	0.19905
78.21493	0.17723
78.17784	0.13968
78.14076	0.09223
78.10367	0.04318
78.06658	0.00163
78.02950	-0.02494
77.99241	-0.03297
77.95533	-0.02411
77.91824	-0.00459
77.88115	0.01704
77.84407	0.03307
77.80698	0.03913
77.76989	0.03518
77.73281	0.02463
77.69572	0.01217
77.65864	0.00169
77.62155	-0.00486
77.58446	-0.00714
77.54738	-0.00514
77.51029	0.00202
77.47320	0.01646
77.43612	0.04059
77.39903	0.07530
77.36195	0.11830
77.32486	0.16347
77.28777	0.20185
77.25069	0.22399
77.21360	0.22288
77.17651	0.19667
77.13943	0.14995
77.10234	0.09523
77.06526	0.04359
77.02817	0.00825
76.99108	-0.00043
76.95400	0.02190
76.91691	0.07186
76.87982	0.13849
76.84274	0.20577
76.80565	0.25691
76.76857	0.27931
76.73148	0.26844
76.69439	0.22932
76.65731	0.17479
76.62022	0.12104
76.58313	0.08196
76.54605	0.06453
76.50896	0.06676
76.47188	0.07921
76.43479	0.08932
76.39770	0.08671
76.36062	0.06748
76.32353	0.03574
76.28644	0.00199
76.24936	-0.02094
76.21227	-0.02253
76.17519	0.00183
76.13810	0.04951
76.10101	0.11185
76.06393	0.17707
76.02684	0.23377
75.98975	0.27370
75.95267	0.29313
75.91558	0.29263
75.87850	0.27675
75.84141	0.25076
75.80432	0.21997
75.76724	0.18865
75.73015	0.15975
75.69306	0.13495
75.65598	0.11521
75.61889	0.10125
75.58180	0.09380
75.54472	0.09357
75.50763	0.10078
75.47055	0.11459
75.43346	0.13269
75.39637	0.15141
75.35929	0.16653
75.32220	0.17448
75.28511	0.17352
75.24803	0.16447
75.21094	0.15036
75.17386	0.13527
75.13677	0.12271
75.09968	0.11426
75.06260	0.10908
75.02551	0.10462
74.98842	0.09810
74.95134	0.08815
74.91425	0.07573
74.87717	0.06398
74.84008	0.05686
74.80299	0.05730
74.76591	0.06571
74.72882	0.07620
74.69173	0.08654
74.65465	0.09035
74.61756	0.08327
74.58048	0.06474
74.54339	0.03832
74.50630	0.01042
74.46922	-0.01218
74.43213	-0.02493
74.39504	-0.02732
74.35796	-0.02311
74.32087	-0.01877
74.28379	-0.02049
74.24670	-0.03092
74.20961	-0.04686
74.17253	-0.05913
74.13544	-0.05511
74.09835	-0.02340
74.06127	0.04097
74.02418	0.13291
73.98710	0.23704
73.95001	0.33138
73.91292	0.39413
73.87584	0.41097
73.83875	0.37999
73.80166	0.31239
73.76458	0.22834
73.72749	0.14993
73.69041	0.09401
73.65332	0.06778
73.61623	0.06861
73.57915	0.08752
73.54206	0.11479
73.50497	0.14146
73.46789	0.16427
73.43080	0.18300
73.39372	0.19759
73.35663	0.20605
73.31954	0.20456
73.28246	0.18974
73.24537	0.16145
73.20828	0.12433
73.17120	0.08670
73.13411	0.05738
73.09703	0.04179
73.05994	0.03964
73.02285	0.04540
72.98577	0.05125
72.94868	0.05110
72.91159	0.04344
72.87451	0.03156
72.83742	0.02145
72.80034	0.01833
72.76325	0.02402
72.72616	0.03639
72.68908	0.05097
72.65199	0.06364
72.61490	0.07284
72.57782	0.08003
72.54073	0.08836
72.50365	0.10046
72.46656	0.11670
72.42947	0.13501
72.39239	0.15210
72.35530	0.16578
72.31821	0.17471
72.28113	0.18082
72.24404	0.18664
72.20695	0.19344
72.16987	0.20022
72.13278	0.20417
72.09570	0.20225
72.05861	0.19306
72.02152	0.17773
71.98444	0.15942
71.94735	0.14165
71.91026	0.12645
71.87318	0.11346
71.83609	0.10043
71.79901	0.08504
71.76192	0.06688
71.72483	0.04857
71.68775	0.03528
71.65066	0.03279
71.61357	0.04495
71.57649	0.07175
71.53940	0.10879
71.50232	0.14858
71.46523	0.18279
71.42814	0.20477
71.39106	0.21108
71.35397	0.20169
71.31688	0.17910
71.27980	0.14693
71.24271	0.10882
71.20563	0.06813
71.16854	0.02697
71.13145	-0.00952
71.09437	-0.03621
71.05728	-0.04816
71.02019	-0.04205
70.98311	-0.01790
70.94602	0.02013
70.90894	0.06405
70.87185	0.10388
70.83476	0.13029
70.79768	0.13731
70.76059	0.12422
70.72350	0.09577
70.68642	0.06094
70.64933	0.03044
70.61225	0.01364
70.57516	0.01611
70.53807	0.03814
70.50099	0.07481
70.46390	0.11759
70.42681	0.15683
70.38973	0.18453
70.35264	0.19643
70.31556	0.19291
70.27847	0.17837
70.24138	0.15946
70.20430	0.14283
70.16721	0.13333
70.13012	0.13308
70.09304	0.14167
70.05595	0.15716
70.01887	0.17710
69.98178	0.19838
69.94469	0.22046
69.90761	0.24159
69.87052	0.25997
69.83343	0.27366
69.79635	0.28065
69.75926	0.27913
69.72218	0.26782
69.68509	0.24618
69.64800	0.21464
69.61092	0.17470
69.57383	0.12932
69.53674	0.08300
69.49966	0.04175
69.46257	0.01221
69.42549	0.00024
69.38840	0.00908
69.35131	0.03785
69.31423	0.08108
69.27714	0.12976
69.24005	0.17368
69.20297	0.20424
69.16588	0.21674
69.12880	0.21132
69.09171	0.19211
69.05462	0.16533
69.01754	0.13696
68.98045	0.11126
68.94336	0.09031
68.90628	0.07463
68.86919	0.06408
68.83210	0.05845
68.79502	0.05893
68.75793	0.06407
68.72085	0.06970
68.68376	0.07052
68.64667	0.06185
68.60959	0.04164
68.57250	0.01188
68.53541	-0.02143
68.49833	-0.04976
68.46124	-0.06469
68.42416	-0.06075
68.38707	-0.03743
68.34998	0.00046
68.31290	0.04407
68.27581	0.08324
68.23872	0.10944
68.20164	0.11813
68.16455	0.10965
68.12747	0.08855
68.09038	0.06164
68.05329	0.03567
68.01621	0.01550
67.97912	0.00329
67.94203	-0.00122
67.90495	0.00047
67.86786	0.00678
67.83078	0.01684
67.79369	0.03049
67.75660	0.04768
67.71952	0.06770
67.68243	0.08885
67.64534	0.10855
67.60826	0.12018
67.57117	0.12155
67.53409	0.11347
67.49700	0.09907
67.45991	0.08285
67.42283	0.06912
67.38574	0.06044
67.34865	0.05667
67.31157	0.05499
67.27448	0.05105
67.23740	0.04072
67.20031	0.02198
67.16322	-0.00369
67.12614	-0.03123
67.08905	-0.05325
67.05196	-0.06256
67.01488	-0.05493
66.97779	-0.03119
66.94071	0.00255
66.90362	0.03677
66.86653	0.06188
66.82945	0.07176
66.79236	0.06579
66.75527	0.04856
66.71819	0.02746
66.68110	0.00939
66.64402	-0.00175
66.60693	-0.00568
66.56984	-0.00453
66.53276	-0.00073
66.49567	0.00467
66.45858	0.01210
66.42150	0.02190
66.38441	0.03722
66.34733	0.05597
66.31024	0.07352
66.27315	0.08461
66.23607	0.08593
66.19898	0.07794
66.16189	0.06511
66.12481	0.05433
66.08772	0.05220
66.05064	0.06242
66.01355	0.08437
65.97646	0.11351
65.93938	0.14321
65.90229	0.16732
65.86520	0.18237
65.82812	0.18845
65.79103	0.18867
65.75395	0.18744
65.71686	0.18836
65.67977	0.19262
65.64269	0.19856
65.60560	0.20251
65.56851	0.20055
65.53143	0.19044
65.49434	0.17288
65.45725	0.15137
65.42017	0.13089
65.38308	0.11572
65.34600	0.10758
65.30891	0.10498
65.27182	0.10412
65.23474	0.10085
65.19765	0.09393
65.16056	0.08458
65.12348	0.07657
65.08639	0.07428
65.04931	0.08036
65.01222	0.09431
64.97513	0.11284
64.93805	0.13162
64.90096	0.14760
64.86387	0.16027
64.82679	0.17127
64.78970	0.18249
64.75262	0.19386
64.71553	0.20244
64.67844	0.20352
64.64136	0.19354
64.60427	0.17309
64.56718	0.14819
64.53010	0.12878
64.49301	0.12466
64.45593	0.14086
64.41884	0.17477
64.38175	0.21673
64.34467	0.25405
64.30758	0.27661
64.27049	0.28132
64.23341	0.27321
64.19632	0.26272
64.15924	0.26033
64.12215	0.27155
64.08506	0.29441
64.04798	0.32182
64.01089	0.34017
63.97380	0.34125
63.93672	0.32321
63.89963	0.29021
63.86255	0.24963
63.82546	0.20867
63.78837	0.17245
63.75129	0.14388
63.71420	0.12451
63.67711	0.11504
63.64003	0.11460
63.60294	0.11949
63.56586	0.12267
63.52877	0.11525
63.49168	0.08981
63.45460	0.04409
63.41751	-0.01689
63.38042	-0.08186
63.34334	-0.13713
63.30625	-0.17151
63.26917	-0.18005
63.23208	-0.16494
63.19499	-0.13353
63.15791	-0.09466
63.12082	-0.05537
63.08373	-0.01906
63.04665	0.01430
63.00956	0.04661
62.97248	0.07974
62.93539	0.11401
62.89830	0.14756
62.86122	0.17102
62.82413	0.18557
62.78704	0.18814
62.74996	0.17869
62.71287	0.16131
62.67579	0.14382
62.63870	0.13569
62.60161	0.14506
62.56453	0.17585
62.52744	0.22647
62.49035	0.29040
62.45327	0.35840
62.41618	0.42133
62.37910	0.47213
62.34201	0.50639
62.30492	0.52168
62.26784	0.51648
62.23075	0.48984
62.19366	0.44219
62.15658	0.37667
62.11949	0.30000
62.08241	0.22191
62.04532	0.15268
62.00823	0.10000
61.97115	0.06642
61.93406	0.04871
61.89697	0.03965
61.85989	0.03125
61.82280	0.01801
61.78571	-0.00135
61.74863	-0.02413
61.71154	-0.04537
61.67446	-0.05753
61.63737	-0.06289
61.60028	-0.05795
61.56320	-0.04068
61.52611	-0.01125
61.48902	0.02738
61.45194	0.06938
61.41485	0.10728
61.37777	0.13423
61.34068	0.14638
61.30359	0.14420
61.26651	0.13186
61.22942	0.11509
61.19233	0.09845
61.15525	0.08372
61.11816	0.06997
61.08108	0.05520
61.04399	0.03831
61.00690	0.02036
60.96982	0.00437
60.93273	-0.00580
60.89564	-0.00680
60.85856	0.00338
60.82147	0.02528
60.78439	0.05821
60.74730	0.10018
60.71021	0.14764
60.67313	0.19528
60.63604	0.23651
60.59895	0.26482
60.56187	0.27565
60.52478	0.26793
60.48770	0.24429
60.45061	0.21095
60.41352	0.17350
60.37644	0.13651
60.33935	0.10294
60.30226	0.07464
60.26518	0.05323
60.22809	0.04084
60.19101	0.03987
60.15392	0.05205
60.11683	0.07711
60.07975	0.11214
60.04266	0.15188
60.00557	0.18999
59.96849	0.22080
59.93140	0.24072
59.89432	0.24875
59.85723	0.24600
59.82014	0.23447
59.78306	0.21586
59.74597	0.19093
59.70888	0.15989
59.67180	0.12343
59.63471	0.08411
59.59763	0.04690
59.56054	0.01841
59.52345	0.00484
59.48637	0.00934
59.44928	0.03032
59.41219	0.06177
59.37511	0.09603
59.33802	0.12773
59.30094	0.15334
59.26385	0.18212
59.22676	0.22248
59.18968	0.28081
59.15259	0.35731
59.11550	0.44417
59.07842	0.52746
59.04133	0.59185
59.00425	0.62576
58.96716	0.62437
58.93007	0.58895
58.89299	0.52332
58.85590	0.43000
58.81881	0.30904
58.78173	0.16088
58.74464	-0.00801
58.70756	-0.18037
58.67047	-0.32822
58.63338	-0.41982
58.59630	-0.43152
58.55921	-0.35967
58.52212	-0.22613
58.48504	-0.07363
58.44795	0.04837
58.41086	0.10211
58.37378	0.07606
58.33669	-0.01081
58.29961	-0.11726
58.26252	-0.19684
58.22543	-0.21622
58.18835	-0.16684
58.15126	-0.06553
58.11417	0.05808
58.07709	0.16629
58.04000	0.23686
58.00292	0.26628
57.96583	0.26591
57.92874	0.25287
57.89166	0.24077
57.85457	0.23470
57.81748	0.23156
57.78040	0.22403
57.74331	0.20526
57.70623	0.17164
57.66914	0.12335
57.63205	0.06350
57.59497	-0.00259
57.55788	-0.06726
57.52079	-0.12044
57.48371	-0.15082
57.44662	-0.14901
57.40954	-0.11186
57.37245	-0.04561
57.33536	0.03428
57.29828	0.10764
57.26119	0.15695
57.22410	0.17434
57.18702	0.16451
57.14993	0.14215
57.11285	0.12474
57.07576	0.12431
57.03867	0.14230
57.00159	0.16992
56.96450	0.19366
56.92741	0.20116
56.89033	0.19231
56.85324	0.17429
56.81616	0.15871
56.77907	0.15470
56.74198	0.16355
56.70490	0.17788
56.66781	0.18570
56.63072	0.17695
56.59364	0.14915
56.55655	0.10901
56.51947	0.06940
56.48238	0.04329
56.44529	0.03798
56.40821	0.05220
56.37112	0.07749
56.33403	0.10285
56.29695	0.12005
56.25986	0.12709
56.22278	0.12823
56.18569	0.13084
56.14860	0.14095
56.11152	0.15969
56.07443	0.18254
56.03734	0.20153
56.00026	0.20941
55.96317	0.20368
55.92609	0.18847
55.88900	0.17339
55.85191	0.16979
55.81483	0.18605
55.77774	0.22419
55.74065	0.27965
55.70357	0.34243
55.66648	0.40226
55.62940	0.45194
55.59231	0.48865
55.55522	0.51269
55.51814	0.52460
55.48105	0.52293
55.44396	0.50477
55.40688	0.46921
55.36979	0.42208
55.33271	0.37860
55.29562	0.36125
55.25853	0.39207
55.22145	0.48198
55.18436	0.62198
55.14727	0.78132
55.11019	0.91487
55.07310	0.97807
55.03601	0.94366
54.99893	0.81298
54.96184	0.61654
54.92476	0.40339
54.88767	0.22341
54.85058	0.11024
54.81350	0.07181
54.77641	0.09183
54.73932	0.14043
54.70224	0.18831
54.66515	0.21760
54.62807	0.22526
54.59098	0.21878
54.55389	0.20796
54.51681	0.19736
54.47972	0.18440
54.44263	0.16201
54.40555	0.12465
54.36846	0.07328
54.33138	0.01669
54.29429	-0.03164
54.25720	-0.05920
54.22012	-0.05962
54.18303	-0.03480
54.14594	0.00659
54.10886	0.05306
54.07177	0.09458
54.03469	0.12518
53.99760	0.14328
53.96051	0.15038
53.92343	0.14915
53.88634	0.14217
53.84925	0.13142
53.81217	0.11844
53.77508	0.10457
53.73800	0.09103
53.70091	0.07894
53.66382	0.06954
53.62674	0.06446
53.58965	0.06588
53.55256	0.07621
53.51548	0.09700
53.47839	0.12775
53.44131	0.16514
53.40422	0.20363
53.36713	0.23687
53.33005	0.26115
53.29296	0.27565
53.25587	0.28277
53.21879	0.28640
53.18170	0.28941
53.14462	0.29185
53.10753	0.29082
53.07044	0.28216
53.03336	0.26309
52.99627	0.23418
52.95918	0.19958
52.92210	0.16545
52.88501	0.13749
52.84793	0.11897
52.81084	0.11036
52.77375	0.11044
52.73667	0.11804
52.69958	0.13295
52.66249	0.15533
52.62541	0.18393
52.58832	0.21435
52.55124	0.23887
52.51415	0.24842
52.47706	0.23615
52.43998	0.20090
52.40289	0.14874
52.36580	0.09161
52.32872	0.04339
52.29163	0.01504
52.25455	0.01103
52.21746	0.02826
52.18037	0.05767
52.14329	0.08854
52.10620	0.11200
52.06911	0.12353
52.03203	0.12353
51.99494	0.11625
51.95786	0.10775
51.92077	0.10390
51.88368	0.10867
51.84660	0.12318
51.80951	0.14546
51.77242	0.17105
51.73534	0.19428
51.69825	0.21013
51.66116	0.21609
51.62408	0.21310
51.58699	0.20512
51.54991	0.19725
51.51282	0.19311
51.47573	0.19283
51.43865	0.19281
51.40156	0.18749
51.36447	0.17245
51.32739	0.14732
51.29030	0.11667
51.25322	0.08844
51.21613	0.07045
51.17904	0.06666
51.14196	0.07526
51.10487	0.08952
51.06778	0.10104
51.03070	0.10376
50.99361	0.09445
50.95653	0.08244
50.91944	0.07374
50.88235	0.07254
50.84527	0.07913
50.80818	0.09020
50.77109	0.10120
50.73401	0.10915
50.69692	0.11424
50.65984	0.11910
50.62275	0.12647
50.58566	0.13652
50.54858	0.14573
50.51149	0.14792
50.47440	0.13707
50.43732	0.11013
50.40023	0.06858
50.36315	0.01769
50.32606	-0.03556
50.28897	-0.08499
50.25189	-0.12651
50.21480	-0.15800
50.17771	-0.17837
50.14063	-0.18659
50.10354	-0.18188
50.06646	-0.16462
50.02937	-0.13747
49.99228	-0.10555
