200.00622	0.18753
199.96913	0.16312
199.93205	0.16873
199.89496	0.21144
199.85787	0.28611
199.82079	0.37665
199.78370	0.46151
199.74661	0.52080
199.70953	0.54221
199.67244	0.52351
199.63536	0.47124
199.59827	0.39692
199.56118	0.31278
199.52410	0.22896
199.48701	0.15282
199.44992	0.08983
199.41284	0.04465
199.37575	0.02109
199.33867	0.01955
199.30158	0.03836
199.26449	0.07142
199.22741	0.10952
199.19032	0.14298
199.15323	0.16483
199.11615	0.17310
199.07906	0.17111
199.04198	0.16562
199.00489	0.16370
198.96780	0.16974
198.93072	0.18413
198.89363	0.20382
198.85654	0.22457
198.81946	0.24341
198.78237	0.26007
198.74529	0.27674
198.70820	0.29624
198.67111	0.31985
198.63403	0.34581
198.59694	0.36932
198.55985	0.38421
198.52277	0.38521
198.48568	0.37000
198.44860	0.34001
198.41151	0.29987
198.37442	0.25574
198.33734	0.21355
198.30025	0.17756
198.26316	0.14979
198.22608	0.13013
198.18899	0.11675
198.15191	0.10203
198.11482	0.08929
198.07773	0.07479
198.04065	0.05566
198.00356	0.03128
197.96647	0.00384
197.92939	-0.02232
197.89230	-0.04240
197.85522	-0.05303
197.81813	-0.05365
197.78104	-0.04693
197.74396	-0.03791
197.70687	-0.03233
197.66978	-0.03451
197.63270	-0.04563
197.59561	-0.06277
197.55853	-0.07913
197.52144	-0.08564
197.48435	-0.07357
197.44727	-0.03747
197.41018	0.02250
197.37309	0.09986
197.33601	0.18318
197.29892	0.25930
197.26184	0.31727
197.22475	0.35159
197.18766	0.36333
197.15058	0.35876
197.11349	0.34599
197.07640	0.33129
197.03932	0.31662
197.00223	0.29945
196.96515	0.27635
196.92806	0.23697
196.89097	0.18377
196.85389	0.12535
196.81680	0.07343
196.77971	0.03798
196.74263	0.02318
196.70554	0.02645
196.66846	0.04061
196.63137	0.05796
196.59428	0.07389
196.55720	0.08874
196.52011	0.10727
196.48302	0.13658
196.44594	0.18354
196.40885	0.25220
196.37176	0.34184
196.33468	0.44574
196.29759	0.55115
196.26051	0.64106
196.22342	0.69799
196.18633	0.70908
196.14925	0.67065
196.11216	0.59060
196.07507	0.48703
196.03799	0.38329
196.00090	0.30126
195.96382	0.25508
195.92673	0.24770
195.88964	0.27122
195.85256	0.31068
195.81547	0.34974
195.77838	0.37679
195.74130	0.38542
195.70421	0.37499
195.66713	0.35085
195.63004	0.32200
195.59295	0.29717
195.55587	0.28124
195.51878	0.27359
195.48169	0.26910
195.44461	0.26123
195.40752	0.24550
195.37044	0.22140
195.33335	0.19192
195.29626	0.16113
195.25918	0.13130
195.22209	0.10159
195.18500	0.06918
195.14792	0.03232
195.11083	-0.00665
195.07375	-0.04035
195.03666	-0.05865
194.99957	-0.05343
194.96249	-0.02345
194.92540	0.02355
194.88831	0.07316
194.85123	0.11046
194.81414	0.12731
194.77706	0.12705
194.73997	0.12405
194.70288	0.13773
194.66580	0.18368
194.62871	0.26592
194.59162	0.38620
194.55454	0.50640
194.51745	0.59830
194.48037	0.64112
194.44328	0.62848
194.40619	0.56918
194.36911	0.48202
194.33202	0.38753
194.29493	0.30050
194.25785	0.22620
194.22076	0.16147
194.18368	0.09918
194.14659	0.03364
194.10950	-0.03550
194.07242	-0.10238
194.03533	-0.15693
193.99824	-0.18868
193.96116	-0.19057
193.92407	-0.16160
193.88699	-0.10727
193.84990	-0.03822
193.81281	0.03246
193.77573	0.09213
193.73864	0.13079
193.70155	0.14205
193.66447	0.12308
193.62738	0.07411
193.59030	-0.00179
193.55321	-0.09814
193.51612	-0.20415
193.47904	-0.30454
193.44195	-0.38104
193.40486	-0.41560
193.36778	-0.40282
193.33069	-0.34019
193.29361	-0.23483
193.25652	-0.10415
193.21943	0.02807
193.18235	0.13884
193.14526	0.21345
193.10817	0.24951
193.07109	0.25591
193.03400	0.24734
192.99692	0.23727
192.95983	0.23307
192.92274	0.23532
192.88566	0.24105
192.84857	0.24851
192.81148	0.26029
192.77440	0.28278
192.73731	0.32214
192.70022	0.37925
192.66314	0.44639
192.62605	0.50824
192.58897	0.54691
192.55188	0.54921
192.51479	0.51275
192.47771	0.44799
192.44062	0.37516
192.40353	0.31700
192.36645	0.29040
192.32936	0.30011
192.29228	0.33731
192.25519	0.38347
192.21810	0.42633
192.18102	0.44547
192.14393	0.43678
192.10684	0.40559
192.06976	0.36359
192.03267	0.32370
191.99559	0.29517
191.95850	0.28057
191.92141	0.27585
191.88433	0.27336
191.84724	0.26639
191.81015	0.25336
191.77307	0.23956
191.73598	0.23545
191.69890	0.25218
191.66181	0.29610
191.62472	0.36479
191.58764	0.44675
191.55055	0.52509
191.51346	0.58376
191.47638	0.61364
191.43929	0.61555
191.40221	0.59886
191.36512	0.57631
191.32803	0.55771
191.29095	0.54558
191.25386	0.53492
191.21677	0.51700
191.17969	0.48502
191.14260	0.43855
191.10552	0.38432
191.06843	0.33312
191.03134	0.29911
190.99426	0.28159
190.95717	0.27670
190.92008	0.27640
190.88300	0.27305
190.84591	0.26350
190.80883	0.25031
190.77174	0.23949
190.73465	0.23588
190.69757	0.23912
190.66048	0.24261
190.62339	0.23631
190.58631	0.21185
190.54922	0.16701
190.51214	0.10687
190.47505	0.04085
190.43796	-0.02269
190.40088	-0.08103
190.36379	-0.13784
190.32670	-0.19949
190.28962	-0.26865
190.25253	-0.33927
190.21545	-0.39599
190.17836	-0.41939
190.14127	-0.39457
190.10419	-0.31909
190.06710	-0.20583
190.03001	-0.07910
189.99293	0.03446
189.95584	0.11585
189.91876	0.16002
189.88167	0.17554
189.84458	0.18234
189.80750	0.19363
189.77041	0.21659
189.73332	0.24838
189.69624	0.27827
189.65915	0.29359
189.62207	0.28637
189.58498	0.25692
189.54789	0.21295
189.51081	0.16491
189.47372	0.12048
189.43663	0.08130
189.39955	0.04358
189.36246	0.00201
189.32537	-0.04537
189.28829	-0.09426
189.25120	-0.13459
189.21412	-0.15436
189.17703	-0.14468
189.13994	-0.10353
189.10286	-0.03663
189.06577	0.04480
189.02868	0.12785
188.99160	0.20152
188.95451	0.25883
188.91743	0.29695
188.88034	0.31637
188.84325	0.32002
188.80617	0.31275
188.76908	0.30114
188.73199	0.29263
188.69491	0.29372
188.65782	0.29475
188.62074	0.30919
188.58365	0.32879
188.54656	0.34088
188.50948	0.33365
188.47239	0.30206
188.43530	0.25169
188.39822	0.19797
188.36113	0.16075
188.32405	0.15639
188.28696	0.19081
188.24987	0.25679
188.21279	0.33673
188.17570	0.40943
188.13861	0.45784
188.10153	0.47450
188.06444	0.46265
188.02736	0.43327
187.99027	0.39999
187.95318	0.37409
187.91610	0.36165
187.87901	0.36315
187.84192	0.37515
187.80484	0.39275
187.76775	0.41175
187.73067	0.42995
187.69358	0.44717
187.65649	0.46410
187.61941	0.48054
187.58232	0.49361
187.54523	0.49708
187.50815	0.48266
187.47106	0.42148
187.43398	0.33154
187.39689	0.22936
187.35980	0.13959
187.32272	0.08664
187.28563	0.08519
187.24854	0.13362
187.21146	0.21383
187.17437	0.29804
187.13729	0.35954
187.10020	0.38263
187.06311	0.36721
187.02603	0.32613
186.98894	0.27745
186.95185	0.23589
186.91477	0.20775
186.87768	0.19122
186.84060	0.18055
186.80351	0.17076
186.76642	0.15998
186.72934	0.14846
186.69225	0.13626
186.65516	0.12177
186.61808	0.10291
186.58099	0.07997
186.54391	0.05789
186.50682	0.04564
186.46973	0.05249
186.43265	0.08294
186.39556	0.13337
186.35847	0.19260
186.32139	0.24615
186.28430	0.28095
186.24722	0.29032
186.21013	0.27566
186.17304	0.24426
186.13596	0.20539
186.09887	0.16657
186.06178	0.13167
186.02470	0.10134
185.98761	0.07474
185.95052	0.05140
185.91344	0.03207
185.87635	0.01859
185.83927	0.01332
185.80218	0.01853
185.76509	0.03592
185.72801	0.06605
185.69092	0.10739
185.65383	0.15551
185.61675	0.20334
185.57966	0.24290
185.54258	0.26833
185.50549	0.27878
185.46840	0.27916
185.43132	0.27786
185.39423	0.28218
185.35714	0.29384
185.32006	0.30753
185.28297	0.31367
185.24589	0.30451
185.20880	0.28002
185.17171	0.25016
185.13463	0.23147
185.09754	0.23676
185.06045	0.27365
185.02337	0.33728
184.98628	0.41334
184.94920	0.48467
184.91211	0.53897
184.87502	0.57373
184.83794	0.59613
184.80085	0.61818
184.76376	0.65003
184.72668	0.69485
184.68959	0.74754
184.65251	0.79725
184.61542	0.83201
184.57833	0.84302
184.54125	0.82706
184.50416	0.78682
184.46707	0.72993
184.42999	0.66744
184.39290	0.61193
184.35582	0.57506
184.31873	0.56441
184.28164	0.58078
184.24456	0.61715
184.20747	0.66095
184.17038	0.69917
184.13330	0.72427
184.09621	0.73771
184.05913	0.74856
184.02204	0.76747
183.98495	0.79882
183.94787	0.83575
183.91078	0.86235
183.87369	0.85948
183.83661	0.81445
183.79952	0.72813
183.76244	0.61519
183.72535	0.49718
183.68826	0.39223
183.65118	0.30714
183.61409	0.23634
183.57700	0.16854
183.53992	0.09692
183.50283	0.02673
183.46575	-0.02468
183.42866	-0.03579
183.39157	0.00707
183.35449	0.10083
183.31740	0.22485
183.28031	0.34917
183.24323	0.44764
183.20614	0.50863
183.16906	0.53793
183.13197	0.55238
183.09488	0.56834
183.05780	0.59153
183.02071	0.61417
182.98362	0.62059
182.94654	0.59790
182.90945	0.54520
182.87237	0.47610
182.83528	0.41289
182.79819	0.37575
182.76111	0.37269
182.72402	0.38926
182.68693	0.41237
182.64985	0.42342
182.61276	0.40944
182.57567	0.36789
182.53859	0.30693
182.50150	0.24151
182.46442	0.18772
182.42733	0.15763
182.39024	0.15667
182.35316	0.18344
182.31607	0.23132
182.27898	0.29059
182.24190	0.35024
182.20481	0.39937
182.16773	0.42843
182.13064	0.43049
182.09355	0.40260
182.05647	0.34648
182.01938	0.26842
181.98229	0.17820
181.94521	0.08753
181.90812	0.00861
181.87104	-0.04688
181.83395	-0.06873
181.79686	-0.04938
181.75978	0.01392
181.72269	0.11669
181.68560	0.24556
181.64852	0.37908
181.61143	0.49181
181.57435	0.56122
181.53726	0.58073
181.50017	0.54810
181.46309	0.48078
181.42600	0.40579
181.38891	0.35049
181.35183	0.33339
181.31474	0.35856
181.27766	0.41589
181.24057	0.48646
181.20348	0.55043
181.16640	0.59381
181.12931	0.61146
181.09222	0.60587
181.05514	0.58335
181.01805	0.55004
180.98097	0.51025
180.94388	0.46720
180.90679	0.42522
180.86971	0.39114
180.83262	0.37340
180.79553	0.37888
180.75845	0.40904
180.72136	0.45766
180.68428	0.51171
180.64719	0.55532
180.61010	0.57523
180.57302	0.56517
180.53593	0.52735
180.49884	0.47083
180.46176	0.40776
180.42467	0.34975
180.38759	0.30572
180.35050	0.26562
180.31341	0.25508
180.27633	0.27575
180.23924	0.32440
180.20215	0.39097
180.16507	0.45838
180.12798	0.50576
180.09090	0.51526
180.05381	0.47963
180.01672	0.40679
179.97964	0.31844
179.94255	0.24254
179.90546	0.20293
179.86838	0.21075
179.83129	0.26147
179.79421	0.33856
179.75712	0.42124
179.72003	0.49248
179.68295	0.54363
179.64586	0.57480
179.60877	0.59225
179.57169	0.60511
179.53460	0.62317
179.49752	0.65529
179.46043	0.70751
179.42334	0.77983
179.38626	0.86271
179.34917	0.93583
179.31208	0.97158
179.27500	0.94371
179.23791	0.83852
179.20082	0.66329
179.16374	0.44121
179.12665	0.21579
179.08957	0.03427
179.05248	-0.06947
179.01539	-0.08550
178.97831	-0.02887
178.94122	0.06883
178.90413	0.17276
178.86705	0.25668
178.82996	0.30891
178.79288	0.33129
178.75579	0.33368
178.71870	0.32791
178.68162	0.32375
178.64453	0.32771
178.60744	0.34315
178.57036	0.37041
178.53327	0.40659
178.49619	0.44594
178.45910	0.48178
178.42201	0.51005
178.38493	0.53242
178.34784	0.55666
178.31075	0.59287
178.27367	0.64694
178.23658	0.71458
178.19950	0.77987
178.16241	0.82017
178.12532	0.81542
178.08824	0.75770
178.05115	0.65575
178.01406	0.53252
177.97698	0.41761
177.93989	0.33095
177.90281	0.28759
177.86572	0.29140
177.82863	0.33694
177.79155	0.41304
177.75446	0.50595
177.71737	0.60109
177.68029	0.68420
177.64320	0.74329
177.60612	0.77176
177.56903	0.77141
177.53194	0.75279
177.49486	0.73167
177.45777	0.72213
177.42068	0.72979
177.38360	0.74904
177.34651	0.76645
177.30943	0.76886
177.27234	0.75175
177.23525	0.72269
177.19817	0.69743
177.16108	0.69044
177.12399	0.70563
177.08691	0.73274
177.04982	0.75223
177.01274	0.74592
176.97565	0.70750
176.93856	0.64657
176.90148	0.58401
176.86439	0.54151
176.82730	0.53155
176.79022	0.55155
176.75313	0.59305
176.71605	0.64624
176.67896	0.70737
176.64187	0.77902
176.60479	0.86435
176.56770	0.95983
176.53061	1.05265
176.49353	1.12587
176.45644	1.16894
176.41936	1.18696
176.38227	1.20147
176.34518	1.24080
176.30810	1.32434
176.27101	1.45016
176.23392	1.59421
176.19684	1.72281
176.15975	1.81164
176.12267	1.85989
176.08558	1.89001
176.04849	1.93266
176.01141	2.00606
175.97432	2.10403
175.93723	2.20282
175.90015	2.28523
175.86306	2.36808
175.82598	2.51334
175.78889	2.80970
175.75180	3.32696
175.71472	4.06314
175.67763	4.91276
175.64054	5.67877
175.60346	6.13371
175.56637	6.10789
175.52928	5.54493
175.49220	4.53918
175.45511	3.30884
175.41803	2.12187
175.38094	1.20566
175.34385	0.67797
175.30677	0.52549
175.26968	0.63376
175.23259	0.84964
175.19551	1.04555
175.15842	1.15842
175.12134	1.19196
175.08425	1.18983
175.04716	1.19902
175.01008	1.24352
174.97299	1.31822
174.93590	1.40042
174.89882	1.46738
174.86173	1.50806
174.82465	1.52380
174.78756	1.52090
174.75047	1.50316
174.71339	1.47065
174.67630	1.42524
174.63921	1.37763
174.60213	1.34890
174.56504	1.36327
174.52796	1.43485
174.49087	1.55618
174.45378	1.69636
174.41670	1.80823
174.37961	1.85787
174.34252	1.82766
174.30544	1.72724
174.26835	1.58820
174.23127	1.44980
174.19418	1.34318
174.15709	1.28159
174.12001	1.26013
174.08292	1.26306
174.04583	1.27337
174.00875	1.27907
173.97166	1.27411
173.93458	1.25549
173.89749	1.22034
173.86040	1.16598
173.82332	1.09288
173.78623	1.00798
173.74914	0.92491
173.71206	0.85981
173.67497	0.82442
173.63789	0.82031
173.60080	0.83774
173.56371	0.86018
173.52663	0.87185
173.48954	0.86417
173.45245	0.83760
173.41537	0.79850
173.37828	0.75380
173.34120	0.70723
173.30411	0.65982
173.26702	0.61389
173.22994	0.57675
173.19285	0.56061
173.15576	0.57919
173.11868	0.63982
173.08159	0.73735
173.04451	0.85353
173.00742	0.96305
172.97033	1.04365
172.93325	1.08499
172.89616	1.09178
172.85907	1.07936
172.82199	1.06452
172.78490	1.05661
172.74782	1.05390
172.71073	1.04668
172.67364	1.02475
172.63656	0.98474
172.59947	0.93278
172.56238	0.88152
172.52530	0.84375
172.48821	0.82682
172.45113	0.83094
172.41404	0.85148
172.37695	0.88251
172.33987	0.91791
172.30278	0.94861
172.26569	0.95795
172.22861	0.91980
172.19152	0.80363
172.15443	0.58705
172.11735	0.27121
172.08026	-0.10871
172.04318	-0.49060
172.00609	-0.78360
171.96900	-0.91178
171.93192	-0.83472
171.89483	-0.56172
171.85774	-0.14808
171.82066	0.32484
171.78357	0.77670
171.74649	1.15080
171.70940	1.42368
171.67231	1.60009
171.63523	1.69882
171.59814	1.73822
171.56105	1.72882
171.52397	1.67507
171.48688	1.58272
171.44980	1.46538
171.41271	1.34534
171.37562	1.24741
171.33854	1.18964
171.30145	1.17621
171.26436	1.19669
171.22728	1.23193
171.19019	1.26319
171.15311	1.27967
171.11602	1.28091
171.07893	1.27389
171.04185	1.26740
171.00476	1.26740
170.96767	1.27540
170.93059	1.28999
170.89350	1.30901
170.85642	1.33045
170.81933	1.35181
170.78224	1.36876
170.74516	1.37359
170.70807	1.35692
170.67098	1.31148
170.63390	1.23629
170.59681	1.13895
170.55973	1.03454
170.52264	0.94109
170.48555	0.87361
170.44847	0.83907
170.41138	0.83468
170.37429	0.84982
170.33721	0.87051
170.30012	0.88430
170.26304	0.88335
170.22595	0.86518
170.18886	0.83123
170.15178	0.78500
170.11469	0.73062
170.07760	0.67253
170.04052	0.61555
170.00343	0.56454
169.96635	0.52314
169.92926	0.49208
169.89217	0.46828
169.85509	0.44563
169.81800	0.41790
169.78091	0.38234
169.74383	0.34227
169.70674	0.30687
169.66966	0.29388
169.63257	0.30753
169.59548	0.34832
169.55840	0.40638
169.52131	0.46515
169.48422	0.50861
169.44714	0.52845
169.41005	0.52746
169.37297	0.51748
169.33588	0.51322
169.29879	0.52521
169.26171	0.55566
169.22462	0.59898
169.18753	0.64623
169.15045	0.69053
169.11336	0.73042
169.07628	0.76946
169.03919	0.81307
169.00210	0.86486
168.96502	0.92479
168.92793	0.99006
168.89084	1.05746
168.85376	1.12512
168.81667	1.19210
168.77958	1.25613
168.74250	1.31133
168.70541	1.34842
168.66833	1.35825
168.63124	1.33731
168.59415	1.29198
168.55707	1.23859
168.51998	1.19806
168.48289	1.18024
168.44581	1.20100
168.40872	1.25043
168.37164	1.30781
168.33455	1.35258
168.29746	1.37485
168.26038	1.37946
168.22329	1.38181
168.18620	1.39787
168.14912	1.43462
168.11203	1.48640
168.07495	1.53895
168.03786	1.57829
168.00077	1.59870
167.96369	1.60486
167.92660	1.60727
167.88951	1.61419
167.85243	1.62535
167.81534	1.63164
167.77826	1.62069
167.74117	1.58483
167.70408	1.52635
167.66700	1.45715
167.62991	1.39330
167.59282	1.34815
167.55574	1.32815
167.51865	1.33306
167.48157	1.35924
167.44448	1.40264
167.40739	1.45909
167.37031	1.52209
167.33322	1.58091
167.29613	1.62119
167.25905	1.63302
167.22196	1.61594
167.18488	1.58274
167.14779	1.55481
167.11070	1.55084
167.07362	1.57469
167.03653	1.61032
166.99944	1.62833
166.96236	1.60195
166.92527	1.52405
166.88819	1.41492
166.85110	1.31491
166.81401	1.26495
166.77693	1.28524
166.73984	1.36464
166.70275	1.46767
166.66567	1.55606
166.62858	1.61271
166.59150	1.65391
166.55441	1.72142
166.51732	1.85747
166.48024	2.07597
166.44315	2.34640
166.40606	2.60075
166.36898	2.76193
166.33189	2.78014
166.29481	2.65899
166.25772	2.45753
166.22063	2.26613
166.18355	2.16698
166.14646	2.19740
166.10937	2.33360
166.07229	2.49481
166.03520	2.57926
165.99812	2.51342
165.96103	2.28743
165.92394	1.96330
165.88686	1.65241
165.84977	1.47145
165.81268	1.49470
165.77560	1.72157
165.73851	2.07244
165.70143	2.41495
165.66434	2.61104
165.62725	2.56667
165.59017	2.26482
165.55308	1.76876
165.51599	1.19467
165.47891	0.66607
165.44182	0.26971
165.40473	0.03173
165.36765	-0.07758
165.33056	-0.11598
165.29348	-0.13487
165.25639	-0.15648
165.21930	-0.17274
165.18222	-0.16311
165.14513	-0.11765
165.10804	-0.05004
165.07096	0.00764
165.03387	0.02416
164.99679	-0.01056
164.95970	-0.07773
164.92261	-0.13980
164.88553	-0.15915
164.84844	-0.12401
164.81135	-0.05240
164.77427	0.02052
164.73718	0.06483
164.70010	0.07330
164.66301	0.06351
164.62592	0.06472
164.58884	0.09914
164.55175	0.17037
164.51466	0.26524
164.47758	0.36579
164.44049	0.46150
164.40341	0.55270
164.36632	0.64400
164.32923	0.73450
164.29215	0.81401
164.25506	0.86950
164.21797	0.89724
164.18089	0.91039
164.14380	0.93434
164.10672	0.99069
164.06963	1.08009
164.03254	1.17665
163.99546	1.23990
163.95837	1.23834
163.92128	1.17008
163.88420	1.06657
163.84711	0.97628
163.81003	0.93816
163.77294	0.96180
163.73585	0.99831
163.69877	1.04039
163.66168	1.06996
163.62459	1.09032
163.58751	1.12157
163.55042	1.18360
163.51334	1.27823
163.47625	1.38317
163.43916	1.46260
163.40208	1.48875
163.36499	1.46057
163.32790	1.40696
163.29082	1.37118
163.25373	1.38517
163.21665	1.44926
163.17956	1.53049
163.14247	1.58111
163.10539	1.56688
163.06830	1.48805
163.03121	1.38030
162.99413	1.29487
162.95704	1.27000
162.91996	1.31066
162.88287	1.38857
162.84578	1.46155
162.80870	1.49959
162.77161	1.50125
162.73452	1.49062
162.69744	1.49810
162.66035	1.53813
162.62327	1.59874
162.58618	1.64950
162.54909	1.59424
162.51201	1.49903
162.47492	1.37709
162.43783	1.25263
162.40075	1.14592
162.36366	1.06054
162.32658	0.98058
162.28949	0.88016
162.25240	0.74027
162.21532	0.56337
162.17823	0.37677
162.14114	0.22212
162.10406	0.13566
162.06697	0.12993
162.02989	0.18674
161.99280	0.26602
161.95571	0.32589
161.91863	0.34353
161.88154	0.32537
161.84445	0.30095
161.80737	0.30380
161.77028	0.35002
161.73319	0.42663
161.69611	0.49686
161.65902	0.51978
161.62194	0.47390
161.58485	0.37141
161.54776	0.25483
161.51068	0.17697
161.47359	0.17479
161.43650	0.25098
161.39942	0.37335
161.36233	0.52499
161.32525	0.61919
161.28816	0.64790
161.25107	0.64621
161.21399	0.66627
161.17690	0.74026
161.13981	0.85713
161.10273	0.96888
161.06564	1.02285
161.02856	0.99929
160.99147	0.92912
160.95438	0.87901
160.91730	0.91201
160.88021	1.04819
160.84312	1.25043
160.80604	1.44554
160.76895	1.56794
160.73187	1.59901
160.69478	1.57702
160.65769	1.57148
160.62061	1.63819
160.58352	1.78408
160.54643	1.96481
160.50935	2.11679
160.47226	2.20299
160.43518	2.24188
160.39809	2.29945
160.36100	2.44781
160.32392	2.71631
160.28683	3.06691
160.24974	3.41126
160.21266	3.66047
160.17557	3.77505
160.13849	3.79160
160.10140	3.79741
160.06431	3.87517
160.02723	4.05104
159.99014	4.27966
159.95305	4.47584
159.91597	4.57261
159.87888	4.56767
159.84180	4.52750
159.80471	4.54563
159.76762	4.68198
159.73054	4.92312
159.69345	5.19068
159.65636	5.39345
159.61928	5.48988
159.58219	5.51930
159.54511	5.57963
159.50802	5.76389
159.47093	6.09584
159.43385	6.50694
159.39676	6.87168
159.35967	7.08059
159.32259	7.10541
159.28550	7.01438
159.24842	6.92743
159.21133	6.93952
159.17424	7.06194
159.13716	7.22008
159.10007	7.30973
159.06298	7.27473
159.02590	7.15360
158.98881	7.06085
158.95173	7.11674
158.91464	7.36153
158.87755	7.72076
158.84047	8.04283
158.80338	8.18963
158.76629	8.12331
158.72921	7.93239
158.69212	7.77813
158.65504	7.79355
158.61795	8.00005
158.58086	8.29664
158.54378	8.52990
158.50669	8.59842
158.46960	8.52040
158.43252	8.41540
158.39543	8.40874
158.35834	8.52316
158.32126	8.63686
158.28417	8.54846
158.24709	8.11787
158.21000	7.39399
158.17291	6.63714
158.13583	6.20302
158.09874	6.34332
158.06165	7.04059
158.02457	7.98621
157.98748	8.73020
157.95040	8.92447
157.91331	8.51462
157.87622	7.75733
157.83914	7.04539
157.80205	6.65122
157.76496	6.56256
157.72788	6.55748
157.69079	6.50438
157.65371	6.72328
157.61662	8.15610
157.57953	12.15656
157.54245	19.90359
157.50536	31.66835
157.46827	46.30106
157.43119	61.25464
157.39410	73.23801
157.35702	79.29086
157.31993	77.84882
157.28284	69.33904
157.24576	56.04076
157.20867	41.26524
157.17158	28.20838
157.13450	18.95562
157.09741	14.02073
157.06033	12.53639
157.02324	12.91976
156.98615	13.65469
156.94907	13.84005
156.91198	13.32351
156.87489	12.46671
156.83781	11.75167
156.80072	11.46537
156.76364	11.59976
156.72655	11.95374
156.68946	12.31421
156.65238	12.57867
156.61529	12.75464
156.57820	12.87019
156.54112	12.88947
156.50403	12.71107
156.46695	12.25624
156.42986	11.57951
156.39277	10.90958
156.35569	10.57044
156.31860	10.81270
156.28151	11.65115
156.24443	12.81092
156.20734	13.82699
156.17026	14.25263
156.13317	13.86807
156.09608	12.77788
156.05900	11.34790
156.02191	10.02103
155.98482	9.11441
155.94774	8.70354
155.91065	8.64285
155.87357	8.69286
155.83648	8.66909
155.79939	8.52681
155.76231	8.34371
155.72522	8.22837
155.68813	8.22338
155.65105	8.26728
155.61396	8.23522
155.57688	8.02583
155.53979	7.63394
155.50270	7.16160
155.46562	6.76164
155.42853	6.55132
155.39144	6.55052
155.35436	6.67985
155.31727	6.81495
155.28019	6.85916
155.24310	6.78869
155.20601	6.64610
155.16893	6.49370
155.13184	6.36279
155.09475	6.23479
155.05767	6.06489
155.02058	5.82866
154.98349	5.55554
154.94641	5.32278
154.90932	5.21076
154.87224	5.24822
154.83515	5.38439
154.79806	5.50890
154.76098	5.50995
154.72389	5.33635
154.68680	5.02601
154.64972	4.68352
154.61263	4.42071
154.57555	4.29633
154.53846	4.29017
154.50137	4.32477
154.46429	4.31846
154.42720	4.23505
154.39011	4.09966
154.35303	3.97329
154.31594	3.90524
154.27886	3.89577
154.24177	3.89110
154.20468	3.82559
154.16760	3.66046
154.13051	3.41692
154.09342	3.17033
154.05634	3.01116
154.01925	2.99627
153.98217	3.11887
153.94508	3.31344
153.90799	3.48998
153.87091	3.57584
153.83382	3.54098
153.79673	3.39558
153.75965	3.16727
153.72256	2.87708
153.68548	2.53116
153.64839	2.13227
153.61130	1.69954
153.57422	1.27885
153.53713	0.93269
153.50004	0.71299
153.46296	0.63349
153.42587	0.65979
153.38879	0.72522
153.35170	0.76413
153.31461	0.74332
153.27753	0.67310
153.24044	0.59230
153.20335	0.53769
153.16627	0.51775
153.12918	0.50729
153.09210	0.46554
153.05501	0.40097
153.01792	0.29472
152.98084	0.17405
152.94375	0.07701
152.90666	0.03413
152.86958	0.05405
152.83249	0.12049
152.79541	0.20178
152.75832	0.26747
152.72123	0.30301
152.68415	0.31481
152.64706	0.32366
152.60997	0.35059
152.57289	0.40366
152.53580	0.47288
152.49872	0.53629
152.46163	0.57345
152.42454	0.57861
152.38746	0.56606
152.35037	0.56418
152.31328	0.60127
152.27620	0.69060
152.23911	0.82279
152.20203	0.96978
152.16494	1.09836
152.12785	1.18623
152.09077	1.23218
152.05368	1.25505
152.01659	1.28234
151.97951	1.33447
151.94242	1.41335
151.90534	1.50119
151.86825	1.51786
151.83116	1.49342
151.79408	1.42758
151.75699	1.34781
151.71990	1.29393
151.68282	1.29470
151.64573	1.35105
151.60864	1.43637
151.57156	1.51334
151.53447	1.55675
151.49739	1.56773
151.46030	1.57076
151.42321	1.59553
151.38613	1.65548
151.34904	1.73683
151.31195	1.80553
151.27487	1.82792
151.23778	1.79255
151.20070	1.71955
151.16361	1.65134
151.12652	1.62985
151.08944	1.67339
151.05235	1.76645
151.01526	1.86779
150.97818	1.93179
150.94109	1.93051
150.90401	1.86464
150.86692	1.75882
150.82983	1.64593
150.79275	1.55091
150.75566	1.48314
150.71857	1.43977
150.68149	1.41190
150.64440	1.40195
150.60732	1.41116
150.57023	1.43612
150.53314	1.46146
150.49606	1.46057
150.45897	1.40652
150.42188	1.28810
150.38480	1.12079
150.34771	0.94458
150.31063	0.80785
150.27354	0.74525
150.23645	0.76164
150.19937	0.83132
150.16228	0.91288
150.12519	0.97106
150.08811	0.99318
150.05102	0.99119
150.01394	0.98933
149.97685	1.00578
149.93976	1.04004
149.90268	1.07326
149.86559	1.08059
149.82850	1.04708
149.79142	0.97681
149.75433	0.89000
149.71725	0.81046
149.68016	0.75192
149.64307	0.71195
149.60599	0.67697
149.56890	0.63408
149.53181	0.58173
149.49473	0.53054
149.45764	0.50930
149.42056	0.53046
149.38347	0.58690
149.34638	0.65587
149.30930	0.71212
149.27221	0.74069
149.23512	0.74058
149.19804	0.71827
149.16095	0.67810
149.12387	0.61847
149.08678	0.53702
149.04969	0.43940
149.01261	0.34230
148.97552	0.26556
148.93843	0.21781
148.90135	0.18681
148.86426	0.14444
148.82718	0.06548
148.79009	-0.05126
148.75300	-0.17529
148.71592	-0.25774
148.67883	-0.25941
148.64174	-0.17579
148.60466	-0.04220
148.56757	0.08582
148.53049	0.16534
148.49340	0.19199
148.45631	0.20282
148.41923	0.25444
148.38214	0.38982
148.34505	0.61352
148.30797	0.86399
148.27088	1.10438
148.23380	1.28545
148.19671	1.38217
148.15962	1.39723
148.12254	1.35419
148.08545	1.28609
148.04836	1.22499
148.01128	1.19488
147.97419	1.20787
147.93710	1.26242
147.90002	1.34322
147.86293	1.42431
147.82585	1.47627
147.78876	1.47663
147.75167	1.41983
147.71459	1.32167
147.67750	1.21482
147.64041	1.13646
147.60333	1.11283
147.56624	1.14844
147.52916	1.22487
147.49207	1.30977
147.45498	1.37132
147.41790	1.39059
147.38081	1.36630
147.34372	1.31076
147.30664	1.24066
147.26955	1.16881
147.23247	1.10126
147.19538	1.04028
147.15829	0.98968
147.12121	0.95653
147.08412	0.95283
147.04703	0.98500
147.00995	1.04900
146.97286	1.12909
146.93578	1.20321
146.89869	1.25222
146.86160	1.26814
146.82452	1.25665
146.78743	1.23258
146.75034	1.21141
146.71326	1.20164
146.67617	1.20236
146.63909	1.20669
146.60200	1.20819
146.56491	1.20562
146.52783	1.20290
146.49074	1.20445
146.45365	1.20936
146.41657	1.20860
146.37948	1.18776
146.34240	1.13404
146.30531	1.04378
146.26822	0.92587
146.23114	0.79910
146.19405	0.68485
146.15696	0.59897
146.11988	0.54712
146.08279	0.52542
146.04571	0.52516
146.00862	0.53821
145.97153	0.55989
145.93445	0.58189
145.89736	0.60991
145.86027	0.63928
145.82319	0.66350
145.78610	0.67666
145.74902	0.67619
145.71193	0.66346
145.67484	0.64145
145.63776	0.61131
145.60067	0.57054
145.56358	0.51486
145.52650	0.44285
145.48941	0.36048
145.45233	0.28190
145.41524	0.22503
145.37815	0.20381
145.34107	0.22111
145.30398	0.26648
145.26689	0.32005
145.22981	0.36075
145.19272	0.37455
145.15564	0.35857
145.11855	0.31962
145.08146	0.26872
145.04438	0.21490
145.00729	0.16179
144.97020	0.10802
144.93312	0.05049
144.89603	-0.01176
144.85895	-0.07532
144.82186	-0.13251
144.78477	-0.17336
144.74769	-0.18185
144.71060	-0.15313
144.67351	-0.09632
144.63643	-0.02446
144.59934	0.05013
144.56225	0.11799
144.52517	0.17224
144.48808	0.20750
144.45100	0.21999
144.41391	0.20898
144.37682	0.17818
144.33974	0.13524
144.30265	0.08892
144.26556	0.04552
144.22848	0.00726
144.19139	-0.02580
144.15431	-0.05132
144.11722	-0.06103
144.08013	-0.04145
144.04305	0.02037
144.00596	0.12846
143.96887	0.27232
143.93179	0.42792
143.89470	0.56596
143.85762	0.66328
143.82053	0.71150
143.78344	0.71844
143.74636	0.70204
143.70927	0.68104
143.67218	0.66754
143.63510	0.66511
143.59801	0.67157
143.56093	0.67875
143.52384	0.68985
143.48675	0.70144
143.44967	0.70766
143.41258	0.70005
143.37549	0.67004
143.33841	0.61352
143.30132	0.53498
143.26424	0.44852
143.22715	0.37426
143.19006	0.33159
143.15298	0.33225
143.11589	0.37717
143.07880	0.45865
143.04172	0.56673
143.00463	0.69586
142.96755	0.84755
142.93046	1.02691
142.89337	1.23428
142.85629	1.45681
142.81920	1.66524
142.78211	1.81903
142.74503	1.87908
142.70794	1.82266
142.67086	1.65417
142.63377	1.40646
142.59668	1.13169
142.55960	0.88555
142.52251	0.71099
142.48542	0.62754
142.44834	0.62945
142.41125	0.69157
142.37417	0.77860
142.33708	0.85748
142.29999	0.90405
142.26291	0.90502
142.22582	0.85887
142.18873	0.77503
142.15165	0.67160
142.11456	0.57135
142.07748	0.49601
142.04039	0.45994
142.00330	0.46532
141.96622	0.50127
141.92913	0.54804
141.89204	0.58538
141.85496	0.60153
141.81787	0.59892
141.78079	0.59334
141.74370	0.60676
141.70661	0.65662
141.66953	0.74669
141.63244	0.86362
141.59535	0.98112
141.55827	1.06987
141.52118	1.10873
141.48410	1.09254
141.44701	1.03313
141.40992	0.95363
141.37284	0.87880
141.33575	0.82581
141.29866	0.79907
141.26158	0.79076
141.22449	0.78629
141.18740	0.77829
141.15032	0.75091
141.11323	0.70679
141.07615	0.65685
141.03906	0.61401
141.00197	0.58691
140.96489	0.57676
140.92780	0.57870
140.89071	0.58594
140.85363	0.59387
140.81654	0.60156
140.77946	0.61005
140.74237	0.61930
140.70528	0.62614
140.66820	0.62519
140.63111	0.61221
140.59402	0.58762
140.55694	0.55739
140.51985	0.53026
140.48277	0.51251
140.44568	0.50386
140.40859	0.49737
140.37151	0.48422
140.33442	0.46075
140.29733	0.43320
140.26025	0.41636
140.22316	0.42598
140.18608	0.46878
140.14899	0.53615
140.11190	0.60646
140.07482	0.65547
140.03773	0.66964
140.00064	0.65473
139.96356	0.63190
139.92647	0.62552
139.88939	0.64657
139.85230	0.68327
139.81521	0.70501
139.77813	0.67835
139.74104	0.58609
139.70395	0.43779
139.66687	0.26483
139.62978	0.10255
139.59270	-0.02898
139.55561	-0.13164
139.51852	-0.21620
139.48144	-0.27522
139.44435	-0.25843
139.40726	-0.07040
139.37018	0.39957
139.33309	1.22271
139.29601	2.37502
139.25892	3.71046
139.22183	4.98333
139.18475	5.91815
139.14766	6.30199
139.11057	6.06095
139.07349	5.28720
139.03640	4.20409
138.99932	3.08451
138.96223	2.15765
138.92514	1.54294
138.88806	1.23506
138.85097	1.13900
138.81388	1.12976
138.77680	1.11448
138.73971	1.06028
138.70263	0.98213
138.66554	0.91401
138.62845	0.87877
138.59137	0.87328
138.55428	0.87378
138.51719	0.85408
138.48011	0.80309
138.44302	0.73082
138.40594	0.66036
138.36885	0.61263
138.33176	0.59421
138.29468	0.59581
138.25759	0.60130
138.22050	0.60056
138.18342	0.59702
138.14633	0.60471
138.10925	0.63682
138.07216	0.69325
138.03507	0.75582
137.99799	0.79507
137.96090	0.78536
137.92381	0.71968
137.88673	0.61530
137.84964	0.50656
137.81255	0.42837
137.77547	0.39948
137.73838	0.41476
137.70130	0.45006
137.66421	0.47663
137.62712	0.47398
137.59004	0.44357
137.55295	0.39910
137.51586	0.35754
137.47878	0.32846
137.44169	0.31065
137.40461	0.29779
137.36752	0.28830
137.33043	0.29133
137.29335	0.32274
137.25626	0.39212
137.21917	0.48903
137.18209	0.57952
137.14500	0.61954
137.10792	0.58184
137.07083	0.48300
137.03374	0.39301
136.99666	0.41648
136.95957	0.64830
136.92248	1.12181
136.88540	1.77516
136.84831	2.45645
136.81123	2.97107
136.77414	3.15420
136.73705	2.93756
136.69997	2.37997
136.66288	1.64712
136.62579	0.94892
136.58871	0.46219
136.55162	0.27191
136.51454	0.35397
136.47745	0.60167
136.44036	0.88135
136.40328	1.07501
136.36619	1.12516
136.32910	1.03480
136.29202	0.84928
136.25493	0.63297
136.21785	0.45158
136.18076	0.36145
136.14367	0.39958
136.10659	0.57024
136.06950	0.83221
136.03241	1.09966
135.99533	1.26873
135.95824	1.26976
135.92116	1.12539
135.88407	0.98219
135.84698	1.08593
135.80990	1.69458
135.77281	2.95565
135.73572	4.80106
135.69864	6.91456
135.66155	8.80085
135.62447	9.93994
135.58738	9.96851
135.55029	8.81275
135.51321	6.71519
135.47612	4.14442
135.43903	1.62785
135.40195	-0.41988
135.36486	-1.80316
135.32778	-2.55173
135.29069	-2.84108
135.25360	-3.06013
135.21652	-3.08994
135.17943	-2.99852
135.14234	-2.78850
135.10526	-2.46684
135.06817	-2.09255
135.03109	-1.76649
134.99400	-1.57457
134.95691	-1.53014
134.91983	-1.55978
134.88274	-1.54418
134.84565	-1.38660
134.80857	-1.06396
134.77148	-0.63016
134.73440	-0.17508
134.69731	0.22839
134.66022	0.55347
134.62314	0.81020
134.58605	1.01214
134.54896	1.14906
134.51188	1.18789
134.47479	1.10035
134.43771	0.89489
134.40062	0.62746
134.36353	0.38140
134.32645	0.22900
134.28936	0.19934
134.25227	0.27171
134.21519	0.39554
134.17810	0.52086
134.14101	0.61933
134.10393	0.68565
134.06684	0.74011
134.02976	0.79893
133.99267	0.85156
133.95558	0.88160
133.91850	0.87683
133.88141	0.83870
133.84432	0.78352
133.80724	0.73346
133.77015	0.70270
133.73307	0.68838
133.69598	0.67298
133.65889	0.63701
133.62181	0.57357
133.58472	0.49500
133.54763	0.42661
133.51055	0.39182
133.47346	0.39853
133.43638	0.43546
133.39929	0.48067
133.36220	0.51558
133.32512	0.53487
133.28803	0.54589
133.25094	0.55880
133.21386	0.57572
133.17677	0.58720
133.13969	0.57886
133.10260	0.54334
133.06551	0.48844
133.02843	0.43494
132.99134	0.40470
132.95425	0.40714
132.91717	0.43328
132.88008	0.45768
132.84300	0.46535
132.80591	0.45240
132.76882	0.42906
132.73174	0.41447
132.69465	0.42626
132.65756	0.47072
132.62048	0.53901
132.58339	0.61124
132.54631	0.66603
132.50922	0.69020
132.47213	0.68351
132.43505	0.65639
132.39796	0.62252
132.36087	0.59099
132.32379	0.56233
132.28670	0.53060
132.24962	0.48951
132.21253	0.43887
132.17544	0.38712
132.13836	0.34830
132.10127	0.33491
132.06418	0.35049
132.02710	0.38612
131.99001	0.42293
131.95293	0.43988
131.91584	0.42316
131.87875	0.37307
131.84167	0.30482
131.80458	0.24292
131.76749	0.21130
131.73041	0.22346
131.69332	0.28433
131.65624	0.36873
131.61915	0.44826
131.58206	0.49974
131.54498	0.51483
131.50789	0.50207
131.47080	0.48056
131.43372	0.46946
131.39663	0.47869
131.35955	0.50563
131.32246	0.53889
131.28537	0.56634
131.24829	0.58258
131.21120	0.59173
131.17411	0.60414
131.13703	0.62938
131.09994	0.66960
131.06286	0.71713
131.02577	0.75758
130.98868	0.77659
130.95160	0.76652
130.91451	0.72971
130.87742	0.67678
130.84034	0.62140
130.80325	0.57442
130.76616	0.54028
130.72908	0.51695
130.69199	0.49859
130.65491	0.47903
130.61782	0.45412
130.58073	0.42235
130.54365	0.38436
130.50656	0.34115
130.46947	0.29871
130.43239	0.26410
130.39530	0.24606
130.35822	0.25259
130.32113	0.28713
130.28404	0.34543
130.24696	0.41509
130.20987	0.47892
130.17278	0.52108
130.13570	0.53309
130.09861	0.51672
130.06153	0.48198
130.02444	0.44142
129.98735	0.40379
129.95027	0.37051
129.91318	0.33688
129.87609	0.29688
129.83901	0.24848
129.80192	0.19613
129.76484	0.14870
129.72775	0.11430
129.69066	0.09521
129.65358	0.08632
129.61649	0.07818
129.57940	0.06306
129.54232	0.04043
129.50523	0.01849
129.46815	0.01070
129.43106	0.02897
129.39397	0.07735
129.35689	0.14954
129.31980	0.23072
129.28271	0.30368
129.24563	0.35643
129.20854	0.38588
129.17146	0.39572
129.13437	0.39145
129.09728	0.37618
129.06020	0.35011
129.02311	0.31324
128.98602	0.26902
128.94894	0.22573
128.91185	0.19420
128.87477	0.18326
128.83768	0.19592
128.80059	0.22859
128.76351	0.27378
128.72642	0.32406
128.68933	0.37437
128.65225	0.42134
128.61516	0.46035
128.57808	0.48333
128.54099	0.47971
128.50390	0.44124
128.46682	0.36796
128.42973	0.27187
128.39264	0.17504
128.35556	0.10224
128.31847	0.07123
128.28139	0.08534
128.24430	0.13223
128.20721	0.18960
128.17013	0.23510
128.13304	0.24955
128.09595	0.24036
128.05887	0.21810
128.02178	0.19907
127.98470	0.19900
127.94761	0.22742
127.91052	0.28444
127.87344	0.36091
127.83635	0.44148
127.79926	0.50930
127.76218	0.55081
127.72509	0.55942
127.68801	0.53733
127.65092	0.49511
127.61383	0.44928
127.57675	0.41826
127.53966	0.41740
127.50257	0.45427
127.46549	0.52556
127.42840	0.61675
127.39131	0.70534
127.35423	0.76705
127.31714	0.78328
127.28006	0.74728
127.24297	0.66673
127.20588	0.56150
127.16880	0.45716
127.13171	0.37677
127.09462	0.33396
127.05754	0.32983
127.02045	0.35459
126.98337	0.39259
126.94628	0.42679
126.90919	0.44683
126.87211	0.44715
126.83502	0.42741
126.79793	0.39013
126.76085	0.33923
126.72376	0.28019
126.68668	0.22097
126.64959	0.17191
126.61250	0.14340
126.57542	0.14186
126.53833	0.16605
126.50124	0.20638
126.46416	0.24835
126.42707	0.27901
126.38999	0.29329
126.35290	0.29655
126.31581	0.30179
126.27873	0.32260
126.24164	0.36565
126.20455	0.42684
126.16747	0.49316
126.13038	0.54941
126.09330	0.58575
126.05621	0.60201
126.01912	0.60642
125.98204	0.60983
125.94495	0.61895
125.90786	0.63267
125.87078	0.64326
125.83369	0.64154
125.79661	0.62256
125.75952	0.58546
125.72243	0.54021
125.68535	0.49629
125.64826	0.45987
125.61117	0.43226
125.57409	0.41190
125.53700	0.39779
125.49992	0.39140
125.46283	0.39534
125.42574	0.40985
125.38866	0.42984
125.35157	0.44547
125.31448	0.44666
125.27740	0.42911
125.24031	0.39781
125.20323	0.36547
125.16614	0.34596
125.12905	0.34664
125.09197	0.36401
125.05488	0.38559
125.01779	0.39710
124.98071	0.39052
124.94362	0.36826
124.90654	0.34079
124.86945	0.31940
124.83236	0.30847
124.79528	0.30249
124.75819	0.28944
124.72110	0.25878
124.68402	0.20885
124.64693	0.14907
124.60985	0.09545
124.57276	0.00894
124.53567	-0.05247
124.49859	-0.08418
124.46150	-0.09538
124.42441	-0.10211
124.38733	-0.11708
124.35024	-0.14226
124.31316	-0.16803
124.27607	-0.17886
124.23898	-0.16177
124.20190	-0.11256
124.16481	-0.03681
124.12772	0.05377
124.09064	0.14680
124.05355	0.23276
124.01646	0.30543
123.97938	0.36020
123.94229	0.39277
123.90521	0.39994
123.86812	0.38206
123.83103	0.34483
123.79395	0.29837
123.75686	0.25339
123.71977	0.21645
123.68269	0.18768
123.64560	0.16251
123.60852	0.13640
123.57143	0.10947
123.53434	0.08761
123.49726	0.07925
123.46017	0.09009
123.42308	0.11942
123.38600	0.16170
123.34891	0.21337
123.31183	0.26894
123.27474	0.32532
123.23765	0.38118
123.20057	0.43483
123.16348	0.48248
123.12639	0.51844
123.08931	0.53746
123.05222	0.53795
123.01514	0.52393
122.97805	0.50403
122.94096	0.48765
122.90388	0.48008
122.86679	0.47899
122.82970	0.47473
122.79262	0.45444
122.75553	0.40846
122.71845	0.33600
122.68136	0.24722
122.64427	0.16056
122.60719	0.09627
122.57010	0.06874
122.53301	0.08096
122.49593	0.12345
122.45884	0.17803
122.42176	0.22482
122.38467	0.24949
122.34758	0.24776
122.31050	0.22546
122.27341	0.19447
122.23632	0.16655
122.19924	0.14454
122.16215	0.12731
122.12507	0.11087
122.08798	0.09196
122.05089	0.07132
122.01381	0.05403
121.97672	0.04664
121.93963	0.05308
121.90255	0.07190
121.86546	0.09681
121.82838	0.12042
121.79129	0.13878
121.75420	0.15365
121.71712	0.17065
121.68003	0.19436
121.64294	0.22334
121.60586	0.24867
121.56877	0.25736
121.53169	0.23892
121.49460	0.19098
121.45751	0.12031
121.42043	0.03866
121.38334	-0.04363
121.34625	-0.12107
121.30917	-0.19027
121.27208	-0.24197
121.23500	-0.25367
121.19791	-0.18965
121.16082	-0.01253
121.12374	0.29695
121.08665	0.72098
121.04956	1.19787
121.01248	1.62288
120.97539	1.92551
120.93831	2.03888
120.90122	1.94519
120.86413	1.68180
120.82705	1.32651
120.78996	0.96858
120.75287	0.67854
120.71579	0.48935
120.67870	0.39525
120.64162	0.36571
120.60453	0.36562
120.56744	0.37101
120.53036	0.37436
120.49327	0.37935
120.45618	0.39084
120.41910	0.40698
120.38201	0.41802
120.34492	0.41151
120.30784	0.38021
120.27075	0.32746
120.23367	0.26707
120.19658	0.21766
120.15949	0.19459
120.12241	0.20314
120.08532	0.23621
120.04823	0.27700
120.01115	0.30544
119.97406	0.30574
119.93698	0.27207
119.89989	0.21046
119.86280	0.13623
119.82572	0.06815
119.78863	0.02053
119.75154	-0.00085
119.71446	-0.00081
119.67737	0.00794
119.64029	0.01101
119.60320	-0.00065
119.56611	-0.02610
119.52903	-0.05427
119.49194	-0.06864
119.45485	-0.05464
119.41777	-0.00655
119.38068	0.06936
119.34360	0.15653
119.30651	0.23413
119.26942	0.28442
119.23234	0.29870
119.19525	0.27948
119.15816	0.23853
119.12108	0.19178
119.08399	0.15331
119.04691	0.13065
119.00982	0.12306
118.97273	0.12345
118.93565	0.12342
118.89856	0.11951
118.86147	0.11777
118.82439	0.13419
118.78730	0.18938
118.75022	0.29895
118.71313	0.46307
118.67604	0.66060
118.63896	0.85037
118.60187	0.98157
118.56478	1.01781
118.52770	0.95000
118.49061	0.80081
118.45353	0.61605
118.41644	0.44653
118.37935	0.32878
118.34227	0.27351
118.30518	0.26637
118.26809	0.27970
118.23101	0.28804
118.19392	0.27947
118.15684	0.25766
118.11975	0.23546
118.08266	0.22499
118.04558	0.23076
118.00849	0.24886
117.97140	0.27118
117.93432	0.29030
117.89723	0.30150
117.86015	0.30130
117.82306	0.28592
117.78597	0.25354
117.74889	0.21150
117.71180	0.18431
117.67471	0.21522
117.63763	0.35536
117.60054	0.64109
117.56346	1.06821
117.52637	1.57684
117.48928	2.05823
117.45220	2.38729
117.41511	2.44121
117.37802	2.18528
117.34094	1.67487
117.30385	1.03626
117.26677	0.41944
117.22968	-0.05548
117.19259	-0.33459
117.15551	-0.43490
117.11842	-0.41974
117.08133	-0.36082
117.04425	-0.30710
117.00716	-0.27385
116.97007	-0.25211
116.93299	-0.22810
116.89590	-0.19842
116.85882	-0.17265
116.82173	-0.16448
116.78464	-0.17982
116.74756	-0.21099
116.71047	-0.24084
116.67338	-0.25322
116.63630	-0.24197
116.59921	-0.21255
116.56213	-0.17574
116.52504	-0.13893
116.48795	-0.10139
116.45087	-0.05716
116.41378	-0.00284
116.37669	0.05599
116.33961	0.10523
116.30252	0.13026
116.26544	0.14655
116.22835	0.13786
116.19126	0.11816
116.15418	0.10743
116.11709	0.12003
116.08000	0.15631
116.04292	0.20286
116.00583	0.24107
115.96875	0.25827
115.93166	0.25414
115.89457	0.23877
115.85749	0.22445
115.82040	0.21751
115.78331	0.21605
115.74623	0.21449
115.70914	0.21104
115.67206	0.21174
115.63497	0.22745
115.59788	0.26565
115.56080	0.32291
115.52371	0.38384
115.48662	0.42799
115.44954	0.44086
115.41245	0.42187
115.37537	0.38437
115.33828	0.34772
115.30119	0.32646
115.26411	0.32328
115.22702	0.32965
115.18993	0.33270
115.15285	0.32335
115.11576	0.30062
115.07868	0.28800
115.04159	0.28162
115.00450	0.27794
114.96742	0.26824
114.93033	0.24339
114.89324	0.19969
114.85616	0.14234
114.81907	0.08463
114.78199	0.04293
114.74490	0.03015
114.70781	0.05077
114.67073	0.09975
114.63364	0.16529
114.59655	0.23375
114.55947	0.29402
114.52238	0.33972
114.48530	0.36882
114.44821	0.38201
114.41112	0.38120
114.37404	0.36902
114.33695	0.34935
114.29986	0.32771
114.26278	0.31085
114.22569	0.30519
114.18861	0.31481
114.15152	0.33981
114.11443	0.37596
114.07735	0.41550
114.04026	0.44901
114.00317	0.46761
113.96609	0.46510
113.92900	0.43979
113.89192	0.39773
113.85483	0.34711
113.81774	0.29940
113.78066	0.26533
113.74357	0.25109
113.70648	0.25538
113.66940	0.26914
113.63231	0.27859
113.59522	0.27075
113.55814	0.23942
113.52105	0.18846
113.48397	0.13087
113.44688	0.08344
113.40979	0.05955
113.37271	0.06354
113.33562	0.08934
113.29853	0.12407
113.26145	0.15457
113.22436	0.17338
113.18728	0.18114
113.15019	0.18428
113.11310	0.18966
113.07602	0.19940
113.03893	0.20900
113.00184	0.20964
112.96476	0.19344
112.92767	0.15850
112.89059	0.11076
112.85350	0.06177
112.81641	0.02354
112.77933	0.00334
112.74224	0.00124
112.70515	0.01689
112.66807	0.04283
112.63098	0.07470
112.59390	0.11297
112.55681	0.15934
112.51972	0.21162
112.48264	0.26161
112.44555	0.29791
112.40846	0.31174
112.37138	0.30164
112.33429	0.27359
112.29721	0.23654
112.26012	0.19667
112.22303	0.15449
112.18595	0.10656
112.14886	0.05032
112.11177	-0.01180
112.07469	-0.07224
112.03760	-0.12218
112.00052	-0.15667
111.96343	-0.17697
111.92634	-0.18852
111.88926	-0.19579
111.85217	-0.19772
111.81508	-0.18740
111.77800	-0.15633
111.74091	-0.10095
111.70383	-0.02708
111.66674	0.05075
111.62965	0.11495
111.59257	0.15256
111.55548	0.16050
111.51839	0.14204
111.48131	0.11019
111.44422	0.07812
111.40714	0.05778
111.37005	0.05526
111.33296	0.06870
111.29588	0.08964
111.25879	0.10715
111.22170	0.11289
111.18462	0.10481
111.14753	0.08794
111.11045	0.07192
111.07336	0.06665
111.03627	0.07787
110.99919	0.10494
110.96210	0.14145
110.92501	0.17842
110.88793	0.20822
110.85084	0.22755
110.81376	0.23801
110.77667	0.24448
110.73958	0.25221
110.70250	0.26438
110.66541	0.28120
110.62832	0.30080
110.59124	0.32118
110.55415	0.34173
110.51707	0.36365
110.47998	0.38877
110.44289	0.41781
110.40581	0.44894
110.36872	0.47774
110.33163	0.49751
110.29455	0.50581
110.25746	0.50080
110.22037	0.48335
110.18329	0.45680
110.14620	0.42619
110.10912	0.39728
110.07203	0.37564
110.03494	0.36600
109.99786	0.37144
109.96077	0.39255
109.92368	0.42667
109.88660	0.46762
109.84951	0.50641
109.81243	0.53294
109.77534	0.53837
109.73825	0.51732
109.70117	0.46933
109.66408	0.39889
109.62699	0.31438
109.58991	0.22630
109.55282	0.14555
109.51574	0.08207
109.47865	0.04381
109.44156	0.03591
109.40448	0.05957
109.36739	0.11096
109.33030	0.18056
109.29322	0.25377
109.25613	0.31327
109.21905	0.34290
109.18196	0.33209
109.14487	0.27741
109.10779	0.19486
109.07070	0.09977
109.03361	0.00980
108.99653	-0.05964
108.95944	-0.09909
108.92236	-0.10672
108.88527	-0.08778
108.84818	-0.05233
108.81110	-0.01204
108.77401	0.02294
108.73692	0.04611
108.69984	0.05546
108.66275	0.05306
108.62567	0.04356
108.58858	0.03243
108.55149	0.02425
108.51441	0.02177
108.47732	0.02557
108.44023	0.03454
108.40315	0.04656
108.36606	0.05920
108.32898	0.07030
108.29189	0.07827
108.25480	0.08241
108.21772	0.08325
108.18063	0.08274
108.14354	0.08421
108.10646	0.09157
108.06937	0.10788
108.03229	0.13360
107.99520	0.16526
107.95811	0.19541
107.92103	0.21762
107.88394	0.22283
107.84685	0.20498
107.80977	0.16358
107.77268	0.10496
107.73560	0.04139
107.69851	-0.01164
107.66142	-0.03947
107.62434	-0.03239
107.58725	0.01135
107.55016	0.08461
107.51308	0.17276
107.47599	0.25712
107.43891	0.31943
107.40182	0.34614
107.36473	0.33132
107.32765	0.27751
107.29056	0.19445
107.25347	0.09620
107.21639	-0.00233
107.17930	-0.08829
107.14222	-0.15277
107.10513	-0.19108
107.06804	-0.20220
107.03096	-0.18768
106.99387	-0.15093
106.95678	-0.09686
106.91970	-0.03199
106.88261	0.03573
106.84553	0.09768
106.80844	0.14603
106.77135	0.18562
106.73427	0.20003
106.69718	0.19508
106.66009	0.18203
106.62301	0.17280
106.58592	0.17531
106.54883	0.19086
106.51175	0.21461
106.47466	0.23874
106.43758	0.25630
106.40049	0.26394
106.36340	0.26236
106.32632	0.25478
106.28923	0.24463
106.25214	0.23403
106.21506	0.22346
106.17797	0.21249
106.14089	0.20058
106.10380	0.18731
106.06671	0.17199
106.02963	0.15340
105.99254	0.13033
105.95545	0.10292
105.91837	0.07408
105.88128	0.04988
105.84420	0.03803
105.80711	0.04491
105.77002	0.07232
105.73294	0.11592
105.69585	0.16608
105.65876	0.21124
105.62168	0.24206
105.58459	0.25420
105.54751	0.25081
105.51042	0.23426
105.47333	0.20763
105.43625	0.17375
105.39916	0.13476
105.36207	0.09228
105.32499	0.04793
105.28790	0.00402
105.25082	-0.03614
105.21373	-0.06857
105.17664	-0.08964
105.13956	-0.09756
105.10247	-0.09353
105.06538	-0.08174
105.02830	-0.06789
104.99121	-0.05652
104.95413	-0.04827
104.91704	-0.03857
104.87995	-0.01882
104.84287	0.01993
104.80578	0.08235
104.76869	0.16512
104.73161	0.25633
104.69452	0.33838
104.65744	0.39361
104.62035	0.41017
104.58326	0.38582
104.54618	0.32810
104.50909	0.25124
104.47200	0.17134
104.43492	0.10205
104.39783	0.05150
104.36075	0.02286
104.32366	0.01748
104.28657	0.03382
104.24949	0.06769
104.21240	0.11247
104.17531	0.15983
104.13823	0.20130
104.10114	0.23007
104.06406	0.24266
104.02697	0.23935
103.98988	0.22353
103.95280	0.20007
103.91571	0.17365
103.87862	0.14766
103.84154	0.12388
103.80445	0.10275
103.76737	0.08382
103.73028	0.06597
103.69319	0.04766
103.65611	0.02736
103.61902	0.00450
103.58193	-0.01946
103.54485	-0.04023
103.50776	-0.05094
103.47068	-0.04370
103.43359	-0.01211
103.39650	0.04615
103.35942	0.12766
103.32233	0.22307
103.28524	0.31874
103.24816	0.39951
103.21107	0.45097
103.17398	0.46775
103.13690	0.44905
103.09981	0.40234
103.06273	0.34268
103.02564	0.28978
102.98855	0.26297
102.95147	0.27546
102.91438	0.32973
102.87729	0.41598
102.84021	0.51481
102.80312	0.60350
102.76604	0.66368
102.72895	0.68750
102.69186	0.67961
102.65478	0.65439
102.61769	0.62951
102.58060	0.61891
102.54352	0.62788
102.50643	0.65226
102.46935	0.68132
102.43226	0.70263
102.39517	0.70648
102.35809	0.68823
102.32100	0.64832
102.28391	0.59085
102.24683	0.52206
102.20974	0.44954
102.17266	0.38191
102.13557	0.32825
102.09848	0.29664
102.06140	0.29196
102.02431	0.31360
101.98722	0.35565
101.95014	0.40879
101.91305	0.46339
101.87597	0.51305
101.83888	0.55678
101.80179	0.59853
101.76471	0.64442
101.72762	0.69890
101.69053	0.76162
101.65345	0.82619
101.61636	0.88129
101.57928	0.91336
101.54219	0.90994
101.50510	0.86260
101.46802	0.76920
101.43093	0.63521
101.39384	0.47399
101.35676	0.30561
101.31967	0.15370
101.28259	0.04052
101.24550	-0.01885
101.20841	-0.02143
101.17133	0.02185
101.13424	0.08855
101.09715	0.15102
101.06007	0.18472
101.02298	0.17538
100.98590	0.12271
100.94881	0.03944
100.91172	-0.05355
100.87464	-0.13381
100.83755	-0.18342
100.80046	-0.19573
100.76338	-0.16988
100.72629	-0.11306
100.68921	-0.03886
100.65212	0.03550
100.61503	0.09270
100.57795	0.11929
100.54086	0.10953
100.50377	0.06764
100.46669	0.00737
100.42960	-0.05157
100.39252	-0.08952
100.35543	-0.09313
100.31834	-0.05963
100.28126	0.00258
100.24417	0.07718
100.20708	0.14540
100.17000	0.19143
100.13291	0.20600
100.09583	0.18728
100.05874	0.14001
100.02165	0.07401
99.98457	0.00297
99.94748	-0.05681
99.91039	-0.08852
99.87331	-0.07860
99.83622	-0.02137
99.79913	0.07747
99.76205	0.20114
99.72496	0.32708
99.68788	0.43603
99.65079	0.52172
99.61370	0.58865
99.57662	0.65630
99.53953	0.74460
99.50244	0.85771
99.46536	0.97198
99.42827	1.03586
99.39119	0.98456
99.35410	0.76544
99.31701	0.36398
99.27993	-0.18119
99.24284	-0.78254
99.20575	-1.32700
99.16867	-1.71051
99.13158	-1.87012
99.09450	-1.80118
99.05741	-1.55340
99.02032	-1.20859
98.98324	-0.85032
98.94615	-0.53840
98.90906	-0.29745
98.87198	-0.12176
98.83489	0.00894
98.79781	0.11254
98.76072	0.19474
98.72363	0.25017
98.68655	0.27149
98.64946	0.25960
98.61237	0.22833
98.57529	0.20035
98.53820	0.19670
98.50112	0.22579
98.46403	0.28545
98.42694	0.34279
98.38986	0.36911
98.35277	0.34823
98.31568	0.28559
98.27860	0.20668
98.24151	0.14587
98.20443	0.13160
98.16734	0.17504
98.13025	0.26697
98.09317	0.38329
98.05608	0.49520
98.01899	0.57899
97.98191	0.62144
97.94482	0.62016
97.90774	0.58068
97.87065	0.51316
97.83356	0.43039
97.79648	0.34708
97.75939	0.27889
97.72230	0.23994
97.68522	0.23896
97.64813	0.27574
97.61105	0.33999
97.57396	0.41390
97.53687	0.47777
97.49979	0.51629
97.46270	0.52280
97.42561	0.49977
97.38853	0.45593
97.35144	0.40170
97.31436	0.34558
97.27727	0.27887
97.24018	0.21607
97.20310	0.15901
97.16601	0.10867
97.12892	0.06445
97.09184	0.02362
97.05475	-0.01773
97.01767	-0.06167
96.98058	-0.10498
96.94349	-0.13774
96.90641	-0.14569
96.86932	-0.11615
96.83223	-0.04488
96.79515	0.05958
96.75806	0.17656
96.72098	0.27899
96.68389	0.34195
96.64680	0.35047
96.60972	0.30392
96.57263	0.21556
96.53554	0.10824
96.49846	0.00785
96.46137	-0.06321
96.42428	-0.09122
96.38720	-0.07389
96.35011	-0.02044
96.31303	0.05106
96.27594	0.11851
96.23885	0.16169
96.20177	0.16747
96.16468	0.13305
96.12759	0.06596
96.09051	-0.01239
96.05342	-0.09145
96.01634	-0.15739
95.97925	-0.20092
95.94216	-0.21818
95.90508	-0.21025
95.86799	-0.18185
95.83090	-0.13961
95.79382	-0.09045
95.75673	-0.04012
95.71965	0.00788
95.68256	0.05295
95.64547	0.09718
95.60839	0.14443
95.57130	0.19862
95.53421	0.26160
95.49713	0.33143
95.46004	0.40159
95.42296	0.46165
95.38587	0.49960
95.34878	0.50515
95.31170	0.47327
95.27461	0.40674
95.23752	0.31673
95.20044	0.22084
95.16335	0.13893
95.12627	0.08781
95.08918	0.07652
95.05209	0.10385
95.01501	0.15908
94.97792	0.22594
94.94083	0.28797
94.90375	0.33279
94.86666	0.35831
94.82958	0.36715
94.79249	0.36517
94.75540	0.35792
94.71832	0.34804
94.68123	0.33483
94.64414	0.31583
94.60706	0.28924
94.56997	0.25547
94.53289	0.21692
94.49580	0.17607
94.45871	0.13320
94.42163	0.08546
94.38454	0.02840
94.34745	-0.04041
94.31037	-0.11727
94.27328	-0.19026
94.23620	-0.24070
94.19911	-0.24847
94.16202	-0.19944
94.12494	-0.09209
94.08785	0.05958
94.05076	0.22831
94.01368	0.38067
93.97659	0.48644
93.93951	0.52725
93.90242	0.50130
93.86533	0.42288
93.82825	0.31688
93.79116	0.21054
93.75407	0.12531
93.71699	0.07134
93.67990	0.04755
93.64282	0.04326
93.60573	0.04521
93.56864	0.04394
93.53156	0.03750
93.49447	0.03121
93.45738	0.03392
93.42030	0.05276
93.38321	0.08931
93.34613	0.13898
93.30904	0.19396
93.27195	0.24804
93.23487	0.30040
93.19778	0.35619
93.16069	0.42308
93.12361	0.50562
93.08652	0.60032
93.04943	0.69423
93.01235	0.76847
92.97526	0.80489
92.93818	0.79313
92.90109	0.73446
92.86400	0.64084
92.82692	0.52982
92.78983	0.41824
92.75274	0.31762
92.71566	0.23338
92.67857	0.16717
92.64149	0.12027
92.60440	0.09536
92.56731	0.09529
92.53023	0.11369
92.49314	0.15239
92.45605	0.19489
92.41897	0.21966
92.38188	0.20741
92.34480	0.14812
92.30771	0.04453
92.27062	-0.08917
92.23354	-0.23214
92.19645	-0.36270
92.15936	-0.46269
92.12228	-0.51977
92.08519	-0.52852
92.04811	-0.49107
92.01102	-0.41749
91.97393	-0.32483
91.93685	-0.23348
91.89976	-0.16103
91.86267	-0.11584
91.82559	-0.09352
91.78850	-0.07902
91.75142	-0.05410
91.71433	-0.00689
91.67724	0.06129
91.64016	0.13574
91.60307	0.19523
91.56598	0.22233
91.52890	0.21197
91.49181	0.17368
91.45473	0.12696
91.41764	0.09256
91.38055	0.08477
91.34347	0.10279
91.30638	0.15033
91.26929	0.22351
91.23221	0.31799
91.19512	0.42823
91.15804	0.54431
91.12095	0.64897
91.08386	0.71826
91.04678	0.72741
91.00969	0.66041
90.97260	0.51901
90.93552	0.32636
90.89843	0.12222
90.86135	-0.04894
90.82426	-0.15268
90.78717	-0.17551
90.75009	-0.12763
90.71300	-0.03621
90.67591	0.06718
90.63883	0.15921
90.60174	0.23168
90.56466	0.29026
90.52757	0.34652
90.49048	0.40800
90.45340	0.47155
90.41631	0.52332
90.37922	0.54499
90.34214	0.52271
90.30505	0.45425
90.26797	0.35057
90.23088	0.23142
90.19379	0.11735
90.15671	0.02722
90.11962	-0.04020
90.08253	-0.09059
90.04545	-0.13281
90.00836	-0.17291
89.97128	-0.21040
89.93419	-0.23854
89.89710	-0.24832
89.86002	-0.23371
89.82293	-0.19569
89.78584	-0.14282
89.74876	-0.08840
89.71167	-0.04558
89.67459	-0.02277
89.63750	-0.02131
89.60041	-0.03615
89.56333	-0.05876
89.52624	-0.08059
89.48915	-0.09554
89.45207	-0.10050
89.41498	-0.09434
89.37789	-0.07637
89.34081	-0.04546
89.30372	-0.00039
89.26664	0.05890
89.22955	0.12976
89.19246	0.20616
89.15538	0.27924
89.11829	0.33912
89.08120	0.37733
89.04412	0.38913
89.00703	0.37501
88.96995	0.33188
88.93286	0.27923
88.89577	0.23043
88.85869	0.19790
88.82160	0.18951
88.78451	0.20581
88.74743	0.23927
88.71034	0.27611
88.67326	0.30065
88.63617	0.30063
88.59908	0.27179
88.56200	0.21959
88.52491	0.15755
88.48782	0.10278
88.45074	0.07065
88.41365	0.07062
88.37657	0.10457
88.33948	0.16744
88.30239	0.24916
88.26531	0.33671
88.22822	0.41549
88.19113	0.47070
88.15405	0.48947
88.11696	0.46412
88.07988	0.39572
88.04279	0.29612
88.00570	0.18662
87.96862	0.09256
87.93153	0.03545
87.89444	0.02564
87.85736	0.05893
87.82027	0.11872
87.78319	0.18237
87.74610	0.23244
87.70901	0.25965
87.67193	0.26440
87.63484	0.25372
87.59775	0.23615
87.56067	0.21748
87.52358	0.19940
87.48650	0.18108
87.44941	0.16216
87.41232	0.14480
87.37524	0.13338
87.33815	0.13190
87.30106	0.14086
87.26398	0.15560
87.22689	0.16737
87.18981	0.16682
87.15272	0.14818
87.11563	0.11209
87.07855	0.06577
87.04146	0.02054
87.00437	-0.01207
86.96729	-0.02391
86.93020	-0.01233
86.89312	0.01949
86.85603	0.06371
86.81894	0.10970
86.78186	0.14645
86.74477	0.16503
86.70768	0.16113
86.67060	0.13691
86.63351	0.10125
86.59643	0.06920
86.55934	0.05209
86.52225	0.05837
86.48517	0.08858
86.44808	0.13472
86.41099	0.18301
86.37391	0.21912
86.33682	0.23373
86.29974	0.22585
86.26265	0.20256
86.22556	0.17513
86.18848	0.15368
86.15139	0.14280
86.11430	0.14052
86.07722	0.14075
86.04013	0.13783
86.00304	0.13048
85.96596	0.12307
85.92887	0.12347
85.89179	0.13874
85.85470	0.17105
85.81761	0.21607
85.78053	0.26447
85.74344	0.30581
85.70635	0.33264
85.66927	0.34273
85.63218	0.33859
85.59510	0.32488
85.55801	0.30526
85.52092	0.28057
85.48384	0.24900
85.44675	0.20805
85.40966	0.15697
85.37258	0.09987
85.33549	0.04387
85.29841	-0.00175
85.26132	-0.02809
85.22423	-0.02913
85.18715	-0.00364
85.15006	0.04407
85.11297	0.10484
85.07589	0.16670
85.03880	0.21819
85.00172	0.25194
84.96463	0.26740
84.92754	0.27126
84.89046	0.27485
84.85337	0.28905
84.81628	0.31862
84.77920	0.35868
84.74211	0.39541
84.70503	0.41118
84.66794	0.39222
84.63085	0.33540
84.59377	0.25074
84.55668	0.15827
84.51959	0.08063
84.48251	0.03471
84.44542	0.02624
84.40834	0.04960
84.37125	0.09222
84.33416	0.14098
84.29708	0.18707
84.25999	0.22714
84.22290	0.25936
84.18582	0.28532
84.14873	0.30176
84.11165	0.30348
84.07456	0.28660
84.03747	0.25191
84.00039	0.20589
83.96330	0.15837
83.92621	0.11815
83.88913	0.08897
83.85204	0.06830
83.81496	0.04980
83.77787	0.02802
83.74078	0.00261
83.70370	-0.02057
83.66661	-0.03221
83.62952	-0.02477
83.59244	0.00271
83.55535	0.04301
83.51827	0.08335
83.48118	0.11106
83.44409	0.11958
83.40701	0.11162
83.36992	0.09809
83.33283	0.09331
83.29575	0.10857
83.25866	0.14712
83.22158	0.20241
83.18449	0.26020
83.14740	0.30354
83.11032	0.31849
83.07323	0.29856
83.03614	0.24881
82.99906	0.17894
82.96197	0.10405
82.92489	0.03908
82.88780	-0.00477
82.85071	-0.02201
82.81363	-0.01259
82.77654	0.01999
82.73945	0.07126
82.70237	0.13752
82.66528	0.21612
82.62819	0.30395
82.59111	0.39526
82.55402	0.48042
82.51694	0.54673
82.47985	0.58177
82.44276	0.57794
82.40568	0.53636
82.36859	0.46779
82.33150	0.38991
82.29442	0.32162
82.25733	0.27677
82.22025	0.25997
82.18316	0.26628
82.14607	0.28456
82.10899	0.30295
82.07190	0.31371
82.03481	0.31554
81.99773	0.31280
81.96064	0.31245
81.92356	0.32054
81.88647	0.33987
81.84938	0.36659
81.81230	0.39875
81.77521	0.42895
81.73812	0.44895
81.70104	0.45110
81.66395	0.42979
81.62687	0.38267
81.58978	0.31119
81.55269	0.22007
81.51561	0.11559
81.47852	0.00319
81.44143	-0.11413
81.40435	-0.23566
81.36726	-0.36039
81.33018	-0.48326
81.29309	-0.59206
81.25600	-0.66764
81.21892	-0.68832
81.18183	-0.63775
81.14474	-0.51304
81.10766	-0.32938
81.07057	-0.11819
81.03349	0.08124
80.99640	0.23372
80.95931	0.31917
80.92223	0.33789
80.88514	0.30816
80.84805	0.25745
80.81097	0.21146
80.77388	0.18569
80.73680	0.18294
80.69971	0.19676
80.66262	0.21671
80.62554	0.23654
80.58845	0.25552
80.55136	0.27623
80.51428	0.30062
80.47719	0.32684
80.44011	0.34907
80.40302	0.36055
80.36593	0.35801
80.32885	0.34463
80.29176	0.32949
80.25467	0.32328
80.21759	0.33249
80.18050	0.35511
80.14342	0.38058
80.10633	0.39428
80.06924	0.38466
80.03216	0.34930
79.99507	0.29685
79.95798	0.24341
79.92090	0.20519
79.88381	0.19073
79.84673	0.19674
79.80964	0.20943
79.77255	0.21086
79.73547	0.18708
79.69838	0.13443
79.66129	0.06097
79.62421	-0.01722
79.58712	-0.08272
79.55004	-0.12328
79.51295	-0.13526
79.47586	-0.12103
79.43878	-0.08905
79.40169	-0.04825
79.36460	-0.00442
79.32752	0.03999
79.29043	0.08388
79.25334	0.12526
79.21626	0.16048
79.17917	0.18557
79.14209	0.19869
79.10500	0.20186
79.06791	0.20070
79.03083	0.20188
78.99374	0.20959
78.95665	0.22320
78.91957	0.23737
78.88248	0.24507
78.84540	0.24170
78.80831	0.22828
78.77122	0.21176
78.73414	0.20211
78.69705	0.20749
78.65996	0.23005
78.62288	0.26437
78.58579	0.29965
78.54871	0.32447
78.51162	0.33201
78.47453	0.32305
78.43745	0.30547
78.40036	0.29048
78.36327	0.28747
78.32619	0.29999
78.28910	0.32271
78.25202	0.34960
78.21493	0.37066
78.17784	0.37878
78.14076	0.37232
78.10367	0.35474
78.06658	0.33196
78.02950	0.30879
77.99241	0.28623
77.95533	0.26106
77.91824	0.22761
77.88115	0.18091
77.84407	0.11965
77.80698	0.04765
77.76989	-0.02670
77.73281	-0.09254
77.69572	-0.13932
77.65864	-0.15924
77.62155	-0.14883
77.58446	-0.10949
77.54738	-0.04745
77.51029	0.02678
77.47320	0.09945
77.43612	0.15549
77.39903	0.18127
77.36195	0.16804
77.32486	0.11504
77.28777	0.03113
77.25069	-0.06626
77.21360	-0.15486
77.17651	-0.21329
77.13943	-0.22690
77.10234	-0.19438
77.06526	-0.12283
77.02817	-0.02900
76.99108	0.06650
76.95400	0.14465
76.91691	0.19270
76.87982	0.20706
76.84274	0.19345
76.80565	0.16431
76.76857	0.13415
76.73148	0.11425
76.69439	0.10853
76.65731	0.11229
76.62022	0.11445
76.58313	0.10275
76.54605	0.06985
76.50896	0.01792
76.47188	-0.04070
76.43479	-0.08711
76.39770	-0.10255
76.36062	-0.07532
76.32353	-0.00489
76.28644	0.09834
76.24936	0.21750
76.21227	0.33542
76.17519	0.43958
76.13810	0.52372
76.10101	0.58590
76.06393	0.62490
76.02684	0.63754
75.98975	0.61902
75.95267	0.56607
75.91558	0.48130
75.87850	0.37470
75.84141	0.26472
75.80432	0.17200
75.76724	0.11248
75.73015	0.09196
75.69306	0.10439
75.65598	0.13480
75.61889	0.16534
75.58180	0.18174
75.54472	0.17768
75.50763	0.15557
75.47055	0.12452
75.43346	0.09663
75.39637	0.08341
75.35929	0.09322
75.32220	0.12946
75.28511	0.18940
75.24803	0.26342
75.21094	0.33554
75.17386	0.38603
75.13677	0.39647
75.09968	0.35622
75.06260	0.26794
75.02551	0.14935
74.98842	0.02961
74.95134	-0.05930
74.91425	-0.09312
74.87717	-0.06379
74.84008	0.01779
74.80299	0.12590
74.76591	0.22935
74.72882	0.29556
74.69173	0.31867
74.65465	0.30306
74.61756	0.26501
74.58048	0.22456
74.54339	0.19768
74.50630	0.19184
74.46922	0.20625
74.43213	0.23551
74.39504	0.27382
74.35796	0.31725
74.32087	0.36305
74.28379	0.40702
74.24670	0.44138
74.20961	0.45497
74.17253	0.43667
74.13544	0.38058
74.09835	0.29042
74.06127	0.18063
74.02418	0.07311
73.98710	-0.00944
73.95001	-0.05097
73.91292	-0.04731
73.87584	-0.00720
73.83875	0.05131
73.80166	0.10743
73.76458	0.14461
73.72749	0.15556
73.69041	0.14369
73.65332	0.12103
73.61623	0.10364
73.57915	0.10604
73.54206	0.13657
73.50497	0.19476
73.46789	0.27069
73.43080	0.34782
73.39372	0.40752
73.35663	0.43431
73.31954	0.42022
73.28246	0.36705
73.24537	0.28581
73.20828	0.19332
73.17120	0.10725
73.13411	0.04116
73.09703	0.00139
73.05994	-0.01328
73.02285	-0.00938
72.98577	0.00500
72.94868	0.02356
72.91159	0.04352
72.87451	0.06530
72.83742	0.09074
72.80034	0.12123
72.76325	0.15665
72.72616	0.19574
72.68908	0.23708
72.65199	0.28004
72.61490	0.32475
72.57782	0.37102
72.54073	0.41717
72.50365	0.45934
72.46656	0.49235
72.42947	0.51163
72.39239	0.51544
72.35530	0.50476
72.31821	0.48724
72.28113	0.47015
72.24404	0.45893
72.20695	0.45488
72.16987	0.45477
72.13278	0.45249
72.09570	0.44201
72.05861	0.42020
72.02152	0.38829
71.98444	0.35130
71.94735	0.31593
71.91026	0.28783
71.87318	0.26964
71.83609	0.26041
71.79901	0.25655
71.76192	0.25378
71.72483	0.24899
71.68775	0.24125
71.65066	0.23153
71.61357	0.22144
71.57649	0.21169
71.53940	0.20113
71.50232	0.18703
71.46523	0.16652
71.42814	0.13859
71.39106	0.10553
71.35397	0.07281
71.31688	0.04718
71.27980	0.03356
71.24271	0.03229
71.20563	0.03827
71.16854	0.04333
71.13145	0.03927
71.09437	0.02394
71.05728	0.00356
71.02019	-0.00845
70.98311	0.00348
70.94602	0.04995
70.90894	0.13067
70.87185	0.23266
70.83476	0.33386
70.79768	0.41086
70.76059	0.44744
70.72350	0.44034
70.68642	0.39963
70.64933	0.34374
70.61225	0.29174
70.57516	0.25620
70.53807	0.23998
70.50099	0.23754
70.46390	0.23980
70.42681	0.23945
70.38973	0.23428
70.35264	0.22709
70.31556	0.22290
70.27847	0.22538
70.24138	0.23447
70.20430	0.24648
70.16721	0.25606
70.13012	0.25899
70.09304	0.25408
70.05595	0.24338
70.01887	0.23086
69.98178	0.22040
69.94469	0.21587
69.90761	0.21670
69.87052	0.21882
69.83343	0.21575
69.79635	0.20060
69.75926	0.16848
69.72218	0.11848
69.68509	0.05451
69.64800	-0.01524
69.61092	-0.08019
69.57383	-0.13006
69.53674	-0.15734
69.49966	-0.15894
69.46257	-0.13639
69.42549	-0.09482
69.38840	-0.04148
69.35131	0.01550
69.31423	0.06760
69.27714	0.10609
69.24005	0.12245
69.20297	0.10993
69.16588	0.06611
69.12880	-0.00450
69.09171	-0.08953
69.05462	-0.17070
69.01754	-0.22875
68.98045	-0.24990
68.94336	-0.23088
68.90628	-0.18030
68.86919	-0.11511
68.83210	-0.05372
68.79502	-0.00542
68.75793	0.02240
68.72085	0.03643
68.68376	0.04793
68.64667	0.06635
68.60959	0.09498
68.57250	0.13055
68.53541	0.16594
68.49833	0.19402
68.46124	0.21011
68.42416	0.21209
68.38707	0.19907
68.34998	0.17016
68.31290	0.12490
68.27581	0.06526
68.23872	-0.00208
68.20164	-0.06512
68.16455	-0.10878
68.12747	-0.11930
68.09038	-0.08919
68.05329	-0.02027
68.01621	0.07649
67.97912	0.18411
67.94203	0.28433
67.90495	0.36191
67.86786	0.40726
67.83078	0.41709
67.79369	0.39376
67.75660	0.34405
67.71952	0.27794
67.68243	0.20722
67.64534	0.14372
67.60826	0.10897
67.57117	0.09186
67.53409	0.09200
67.49700	0.10526
67.45991	0.12405
67.42283	0.13889
67.38574	0.14115
67.34865	0.12607
67.31157	0.09491
67.27448	0.05518
67.23740	0.01862
67.20031	-0.00261
67.16322	0.00008
67.12614	0.02867
67.08905	0.07789
67.05196	0.13685
67.01488	0.19255
66.97779	0.23369
66.94071	0.25360
66.90362	0.25141
66.86653	0.23129
66.82945	0.20041
66.79236	0.16656
66.75527	0.13626
66.71819	0.11391
66.68110	0.10191
66.64402	0.10138
66.60693	0.11279
66.56984	0.13613
66.53276	0.17057
66.49567	0.21371
66.45858	0.26107
66.42150	0.30644
66.38441	0.34130
66.34733	0.35806
66.31024	0.35136
66.27315	0.31948
66.23607	0.26490
66.19898	0.19370
66.16189	0.11425
66.12481	0.03551
66.08772	-0.03431
66.05064	-0.08849
66.01355	-0.12189
65.97646	-0.13066
65.93938	-0.11215
65.90229	-0.06526
65.86520	0.00859
65.82812	0.10441
65.79103	0.21305
65.75395	0.32183
65.71686	0.41647
65.67977	0.48428
65.64269	0.51751
65.60560	0.51577
65.56851	0.48654
65.53143	0.44320
65.49434	0.40111
65.45725	0.37295
65.42017	0.36483
65.38308	0.37469
65.34600	0.39343
65.30891	0.40851
65.27182	0.40843
65.23474	0.38420
65.19765	0.33607
65.16056	0.27022
65.12348	0.19776
65.08639	0.13130
65.04931	0.08168
65.01222	0.05606
64.97513	0.05746
64.93805	0.08510
64.90096	0.13478
64.86387	0.19868
64.82679	0.26512
64.78970	0.31909
64.75262	0.34452
64.71553	0.32851
64.67844	0.26649
64.64136	0.16620
64.60427	0.04826
64.56718	-0.05794
64.53010	-0.12242
64.49301	-0.12458
64.45593	-0.06101
64.41884	0.05190
64.38175	0.18226
64.34467	0.29282
64.30758	0.35330
64.27049	0.35050
64.23341	0.29213
64.19632	0.20312
64.15924	0.11601
64.12215	0.05932
64.08506	0.04852
64.04798	0.08128
64.01089	0.14363
63.97380	0.21609
63.93672	0.27973
63.89963	0.32038
63.86255	0.32981
63.82546	0.30471
63.78837	0.24576
63.75129	0.15810
63.71420	0.05314
63.67711	-0.05043
63.64003	-0.12859
63.60294	-0.15814
63.56586	-0.12529
63.52877	-0.03305
63.49168	0.09696
63.45460	0.23040
63.41751	0.33237
63.38042	0.38083
63.34334	0.37484
63.30625	0.33352
63.26917	0.28585
63.23208	0.25626
63.19499	0.25315
63.15791	0.26639
63.12082	0.27485
63.08373	0.25997
63.04665	0.21791
63.00956	0.16345
62.97248	0.12332
62.93539	0.12237
62.89830	0.16979
62.86122	0.25150
62.82413	0.34075
62.78704	0.40573
62.74996	0.42567
62.71287	0.39980
62.67579	0.34661
62.63870	0.29385
62.60161	0.26482
62.56453	0.26764
62.52744	0.29288
62.49035	0.32008
62.45327	0.32937
62.41618	0.31214
62.37910	0.27544
62.34201	0.23807
62.30492	0.22089
62.26784	0.23615
62.23075	0.28104
62.19366	0.33835
62.15658	0.38367
62.11949	0.39550
62.08241	0.36387
62.04532	0.29399
62.00823	0.20371
61.97115	0.11650
61.93406	0.05306
61.89697	0.02489
61.85989	0.03211
61.82280	0.06580
61.78571	0.11314
61.74863	0.16302
61.71154	0.20962
61.67446	0.25201
61.63737	0.29351
61.60028	0.33463
61.56320	0.37200
61.52611	0.39871
61.48902	0.40772
61.45194	0.39651
61.41485	0.37023
61.37777	0.34129
61.34068	0.32480
61.30359	0.33179
61.26651	0.36365
61.22942	0.41067
61.19233	0.45607
61.15525	0.48370
61.11816	0.48561
61.08108	0.46554
61.04399	0.43619
61.00690	0.41173
60.96982	0.39933
60.93273	0.39442
60.89564	0.38248
60.85856	0.34656
60.82147	0.27652
60.78439	0.17527
60.74730	0.05842
60.71021	-0.05227
60.67313	-0.13814
60.63604	-0.19068
60.59895	-0.21272
60.56187	-0.21381
60.52478	-0.20272
60.48770	-0.17993
60.45061	-0.14269
60.41352	-0.08516
60.37644	-0.00560
60.33935	0.08906
60.30226	0.18333
60.26518	0.25814
60.22809	0.29807
60.19101	0.29669
60.15392	0.25756
60.11683	0.19071
60.07975	0.10706
60.04266	0.01426
60.00557	-0.08387
59.96849	-0.18479
59.93140	-0.28360
59.89432	-0.37138
59.85723	-0.43660
59.82014	-0.46903
59.78306	-0.46362
59.74597	-0.42214
59.70888	-0.35200
59.67180	-0.26323
59.63471	-0.16611
59.59763	-0.07055
59.56054	0.01285
59.52345	0.07212
59.48637	0.09565
59.44928	0.07656
59.41219	0.01792
59.37511	-0.06462
59.33802	-0.14546
59.30094	-0.19531
59.26385	-0.19325
59.22676	-0.13375
59.18968	-0.02982
59.15259	0.09418
59.11550	0.21480
59.07842	0.32016
59.04133	0.41294
59.00425	0.50415
58.96716	0.60205
58.93007	0.70314
58.89299	0.79129
58.85590	0.84585
58.81881	0.85383
58.78173	0.81865
58.74464	0.75982
58.70756	0.70358
58.67047	0.67001
58.63338	0.66452
58.59630	0.67833
58.55921	0.69709
58.52212	0.71110
58.48504	0.71973
58.44795	0.72657
58.41086	0.72845
58.37378	0.70669
58.33669	0.62844
58.29961	0.46065
58.26252	0.19080
58.22543	-0.15675
58.18835	-0.51952
58.15126	-0.81426
58.11417	-0.96725
58.07709	-0.94675
58.04000	-0.76968
58.00292	-0.49883
57.96583	-0.21861
57.92874	-0.00405
57.89166	0.10366
57.85457	0.10566
57.81748	0.03654
57.78040	-0.05543
57.74331	-0.12868
57.70623	-0.16109
57.66914	-0.15153
57.63205	-0.11291
57.59497	-0.06225
57.55788	-0.01291
57.52079	0.02842
57.48371	0.06091
57.44662	0.08708
57.40954	0.11054
57.37245	0.13460
57.33536	0.16108
57.29828	0.18902
57.26119	0.21376
57.22410	0.22771
57.18702	0.22348
57.14993	0.19876
57.11285	0.16052
57.07576	0.12543
57.03867	0.11508
57.00159	0.14703
56.96450	0.22557
56.92741	0.32796
56.89033	0.43839
56.85324	0.52560
56.81616	0.56345
56.77907	0.54110
56.74198	0.46752
56.70490	0.36827
56.66781	0.27585
56.63072	0.21787
56.59364	0.20782
56.55655	0.24208
56.51947	0.30367
56.48238	0.37048
56.44529	0.42379
56.40821	0.45375
56.37112	0.45998
56.33403	0.44804
56.29695	0.42441
56.25986	0.39265
56.22278	0.35259
56.18569	0.30237
56.14860	0.24184
56.11152	0.17504
56.07443	0.11030
56.03734	0.05761
56.00026	0.02491
55.96317	0.01505
55.92609	0.02531
55.88900	0.04966
55.85191	0.08248
55.81483	0.12155
55.77774	0.16826
55.74065	0.22426
55.70357	0.28778
55.66648	0.34946
55.62940	0.39335
55.59231	0.40258
55.55522	0.36805
55.51814	0.29596
55.48105	0.20956
55.44396	0.14290
55.40688	0.12819
55.36979	0.18187
55.33271	0.29628
55.29562	0.44119
55.25853	0.57568
55.22145	0.66497
55.18436	0.69453
55.14727	0.67456
55.11019	0.63291
55.07310	0.60031
55.03601	0.59595
54.99893	0.62123
54.96184	0.66481
54.92476	0.71559
54.88767	0.77529
54.85058	0.86190
54.81350	1.00014
54.77641	1.20275
54.73932	1.45244
54.70224	1.69573
54.66515	1.85484
54.62807	1.85510
54.59098	1.65657
54.55389	1.27695
54.51681	0.78799
54.47972	0.29539
54.44263	-0.09752
54.40555	-0.32456
54.36846	-0.37573
54.33138	-0.29338
54.29429	-0.14851
54.25720	-0.00907
54.22012	0.08568
54.18303	0.13441
54.14594	0.16470
54.10886	0.21237
54.07177	0.30036
54.03469	0.42691
53.99760	0.56753
53.96051	0.68783
53.92343	0.75972
53.88634	0.77288
53.84925	0.73665
53.81217	0.67275
53.77508	0.60372
53.73800	0.54308
53.70091	0.49172
53.66382	0.44140
53.62674	0.38278
53.58965	0.31327
53.55256	0.24092
53.51548	0.18247
53.47839	0.15677
53.44131	0.17647
53.40422	0.24191
53.36713	0.33799
53.33005	0.44347
53.29296	0.53319
53.25587	0.58806
53.21879	0.60134
53.18170	0.58025
53.14462	0.54231
53.10753	0.50775
53.07044	0.49129
53.03336	0.49641
52.99627	0.51467
52.95918	0.53019
52.92210	0.52722
52.88501	0.49741
52.84793	0.44354
52.81084	0.37803
52.77375	0.31724
52.73667	0.27412
52.69958	0.25291
52.66249	0.24813
52.62541	0.24814
52.58832	0.24136
52.55124	0.22199
52.51415	0.19245
52.47706	0.16160
52.43998	0.13980
52.40289	0.13336
52.36580	0.14120
52.32872	0.15525
52.29163	0.16426
52.25455	0.15931
52.21746	0.13835
52.18037	0.10893
52.14329	0.08188
52.10620	0.07294
52.06911	0.09543
52.03203	0.15540
51.99494	0.24894
51.95786	0.36251
51.92077	0.47601
51.88368	0.56751
51.84660	0.61835
51.80951	0.61707
51.77242	0.56139
51.73534	0.45816
51.69825	0.32155
51.66116	0.17031
51.62408	0.02480
51.58699	-0.09582
51.54991	-0.17604
51.51282	-0.20596
51.47573	-0.18278
51.43865	-0.11147
51.40156	-0.00424
51.36447	0.12118
51.32739	0.24462
51.29030	0.34710
51.25322	0.41432
51.21613	0.43931
51.17904	0.42343
51.14196	0.37575
51.10487	0.31087
51.06778	0.24574
51.03070	0.19600
50.99361	0.17796
50.95653	0.18806
50.91944	0.22167
50.88235	0.26832
50.84527	0.31511
50.80818	0.35070
50.77109	0.36848
50.73401	0.36771
50.69692	0.35220
50.65984	0.32744
50.62275	0.29761
50.58566	0.26436
50.54858	0.22779
50.51149	0.18889
50.47440	0.15155
50.43732	0.12252
50.40023	0.10882
50.36315	0.11378
50.32606	0.13423
50.28897	0.16061
50.25189	0.18042
50.21480	0.18340
50.17771	0.16555
50.14063	0.13009
50.10354	0.08473
50.06646	0.03735
50.02937	-0.00737
49.99228	-0.04835
