200.00622	0.07874
199.96913	0.07472
199.93205	0.07035
199.89496	0.06640
199.85787	0.06336
199.82079	0.06146
199.78370	0.06066
199.74661	0.06068
199.70953	0.06102
199.67244	0.06125
199.63536	0.06127
199.59827	0.06155
199.56118	0.06310
199.52410	0.06695
199.48701	0.07352
199.44992	0.08205
199.41284	0.09055
199.37575	0.09637
199.33867	0.09690
199.30158	0.09240
199.26449	0.08347
199.22741	0.07196
199.19032	0.06033
199.15323	0.05086
199.11615	0.04506
199.07906	0.04342
199.04198	0.04561
199.00489	0.05092
198.96780	0.05860
198.93072	0.06796
198.89363	0.07824
198.85654	0.08837
198.81946	0.09687
198.78237	0.10211
198.74529	0.10287
198.70820	0.09884
198.67111	0.09094
198.63403	0.08106
198.59694	0.07146
198.55985	0.06392
198.52277	0.05916
198.48568	0.05672
198.44860	0.05540
198.41151	0.05394
198.37442	0.05164
198.33734	0.04862
198.30025	0.04558
198.26316	0.04332
198.22608	0.04230
198.18899	0.04245
198.15191	0.04346
198.11482	0.04496
198.07773	0.04700
198.04065	0.05003
198.00356	0.05447
197.96647	0.06031
197.92939	0.06686
197.89230	0.07287
197.85522	0.07700
197.81813	0.07840
197.78104	0.07708
197.74396	0.07378
197.70687	0.06959
197.66978	0.06536
197.63270	0.06137
197.59561	0.05737
197.55853	0.05298
197.52144	0.04819
197.48435	0.04365
197.44727	0.04058
197.41018	0.04028
197.37309	0.04355
197.33601	0.05028
197.29892	0.05944
197.26184	0.06937
197.22475	0.07832
197.18766	0.08488
197.15058	0.08818
197.11349	0.08795
197.07640	0.08434
197.03932	0.07791
197.00223	0.06954
196.96515	0.06030
196.92806	0.05165
196.89097	0.04492
196.85389	0.04088
196.81680	0.03935
196.77971	0.03936
196.74263	0.03956
196.70554	0.03888
196.66846	0.03703
196.63137	0.03462
196.59428	0.03270
196.55720	0.03216
196.52011	0.03310
196.48302	0.03480
196.44594	0.03607
196.40885	0.03600
196.37176	0.03457
196.33468	0.03284
196.29759	0.03246
196.26051	0.03481
196.22342	0.04016
196.18633	0.04728
196.14925	0.05386
196.11216	0.05747
196.07507	0.05662
196.03799	0.05158
196.00090	0.04432
195.96382	0.03770
195.92673	0.03429
195.88964	0.03530
195.85256	0.04020
195.81547	0.04708
195.77838	0.05302
195.74130	0.05711
195.70421	0.05927
195.66713	0.06040
195.63004	0.06173
195.59295	0.06397
195.55587	0.06693
195.51878	0.06964
195.48169	0.07101
195.44461	0.07050
195.40752	0.06859
195.37044	0.06654
195.33335	0.06574
195.29626	0.06692
195.25918	0.06974
195.22209	0.07290
195.18500	0.07483
195.14792	0.07449
195.11083	0.07194
195.07375	0.06831
195.03666	0.06520
194.99957	0.06392
194.96249	0.06494
194.92540	0.06775
194.88831	0.07135
194.85123	0.07481
194.81414	0.07779
194.77706	0.08053
194.73997	0.08349
194.70288	0.08680
194.66580	0.08991
194.62871	0.09163
194.59162	0.09017
194.55454	0.08472
194.51745	0.07519
194.48037	0.06255
194.44328	0.04860
194.40619	0.03545
194.36911	0.02500
194.33202	0.01850
194.29493	0.01635
194.25785	0.01809
194.22076	0.02253
194.18368	0.02798
194.14659	0.03260
194.10950	0.03477
194.07242	0.03358
194.03533	0.02906
193.99824	0.02225
193.96116	0.01494
193.92407	0.00904
193.88699	0.00598
193.84990	0.00624
193.81281	0.00927
193.77573	0.01379
193.73864	0.01830
193.70155	0.02166
193.66447	0.02332
193.62738	0.02337
193.59030	0.02230
193.55321	0.02079
193.51612	0.01952
193.47904	0.01914
193.44195	0.02024
193.40486	0.02217
193.36778	0.02632
193.33069	0.03226
193.29361	0.03882
193.25652	0.04440
193.21943	0.04756
193.18235	0.04763
193.14526	0.04514
193.10817	0.04165
193.07109	0.03911
193.03400	0.03903
192.99692	0.04181
192.95983	0.04652
192.92274	0.05136
192.88566	0.05450
192.84857	0.05494
192.81148	0.05303
192.77440	0.05033
192.73731	0.04899
192.70022	0.05079
192.66314	0.05642
192.62605	0.06518
192.58897	0.07526
192.55188	0.08443
192.51479	0.09086
192.47771	0.09364
192.44062	0.09296
192.40353	0.08982
192.36645	0.08559
192.32936	0.08152
192.29228	0.07850
192.25519	0.07703
192.21810	0.07689
192.18102	0.07848
192.14393	0.08172
192.10684	0.08629
192.06976	0.09140
192.03267	0.09582
191.99559	0.09801
191.95850	0.09669
191.92141	0.09131
191.88433	0.08237
191.84724	0.07137
191.81015	0.06028
191.77307	0.05085
191.73598	0.04401
191.69890	0.03976
191.66181	0.03741
191.62472	0.03616
191.58764	0.03566
191.55055	0.03617
191.51346	0.03831
191.47638	0.04251
191.43929	0.04853
191.40221	0.05531
191.36512	0.06124
191.32803	0.06485
191.29095	0.06543
191.25386	0.06333
191.21677	0.05988
191.17969	0.05676
191.14260	0.05537
191.10552	0.05635
191.06843	0.05940
191.03134	0.06385
190.99426	0.06823
190.95717	0.07159
190.92008	0.07339
190.88300	0.07350
190.84591	0.07209
190.80883	0.06948
190.77174	0.06620
190.73465	0.06304
190.69757	0.06099
190.66048	0.06104
190.62339	0.06377
190.58631	0.06901
190.54922	0.07576
190.51214	0.08241
190.47505	0.08734
190.43796	0.08954
190.40088	0.08899
190.36379	0.08664
190.32670	0.08394
190.28962	0.08215
190.25253	0.08181
190.21545	0.08260
190.17836	0.08359
190.14127	0.08385
190.10419	0.08298
190.06710	0.08130
190.03001	0.07971
189.99293	0.07920
189.95584	0.08030
189.91876	0.08282
189.88167	0.08585
189.84458	0.08807
189.80750	0.08850
189.77041	0.08662
189.73332	0.08259
189.69624	0.07699
189.65915	0.07056
189.62207	0.06390
189.58498	0.05734
189.54789	0.05108
189.51081	0.04537
189.47372	0.04070
189.43663	0.03774
189.39955	0.03719
189.36246	0.03946
189.32537	0.04444
189.28829	0.05146
189.25120	0.05942
189.21412	0.06708
189.17703	0.07338
189.13994	0.07760
189.10286	0.07942
189.06577	0.07883
189.02868	0.07604
188.99160	0.07149
188.95451	0.06585
188.91743	0.06008
188.88034	0.05532
188.84325	0.05261
188.80617	0.05252
188.76908	0.05484
188.73199	0.05845
188.69491	0.06167
188.65782	0.06269
188.62074	0.06039
188.58365	0.05466
188.54656	0.04638
188.50948	0.03698
188.47239	0.02780
188.43530	0.01958
188.39822	0.01237
188.36113	0.00581
188.32405	-0.00028
188.28696	-0.00551
188.24987	-0.00897
188.21279	-0.00967
188.17570	-0.00722
188.13861	-0.00229
188.10153	0.00346
188.06444	0.00807
188.02736	0.01025
187.99027	0.01014
187.95318	0.00950
187.91610	0.01100
187.87901	0.01703
187.84192	0.02849
187.80484	0.04418
187.76775	0.06107
187.73067	0.07541
187.69358	0.08414
187.65649	0.08603
187.61941	0.08203
187.58232	0.07474
187.54523	0.06731
187.50815	0.06223
187.47106	0.06063
187.43398	0.06207
187.39689	0.06517
187.35980	0.06832
187.32272	0.07044
187.28563	0.07122
187.24854	0.07106
187.21146	0.07061
187.17437	0.07041
187.13729	0.07057
187.10020	0.07082
187.06311	0.07066
187.02603	0.06960
186.98894	0.06733
186.95185	0.06377
186.91477	0.05907
186.87768	0.05349
186.84060	0.04746
186.80351	0.04154
186.76642	0.03649
186.72934	0.03320
186.69225	0.03258
186.65516	0.03532
186.61808	0.04157
186.58099	0.05080
186.54391	0.06168
186.50682	0.07234
186.46973	0.08079
186.43265	0.08542
186.39556	0.08552
186.35847	0.08147
186.32139	0.07467
186.28430	0.06706
186.24722	0.06047
186.21013	0.05616
186.17304	0.05453
186.13596	0.05504
186.09887	0.05660
186.06178	0.05798
186.02470	0.05826
185.98761	0.05709
185.95052	0.05469
185.91344	0.05174
185.87635	0.04910
185.83927	0.04756
185.80218	0.04776
185.76509	0.05003
185.72801	0.05437
185.69092	0.06046
185.65383	0.06763
185.61675	0.07495
185.57966	0.08138
185.54258	0.08589
185.50549	0.08770
185.46840	0.08639
185.43132	0.08200
185.39423	0.07502
185.35714	0.06632
185.32006	0.05702
185.28297	0.04834
185.24589	0.04139
185.20880	0.03697
185.17171	0.03539
185.13463	0.03641
185.09754	0.03934
185.06045	0.04343
185.02337	0.04810
184.98628	0.05322
184.94920	0.05908
184.91211	0.06619
184.87502	0.07489
184.83794	0.08504
184.80085	0.09595
184.76376	0.10649
184.72668	0.11554
184.68959	0.12230
184.65251	0.12651
184.61542	0.12837
184.57833	0.12823
184.54125	0.12638
184.50416	0.12296
184.46707	0.11802
184.42999	0.11182
184.39290	0.10496
184.35582	0.09825
184.31873	0.09244
184.28164	0.08777
184.24456	0.08383
184.20747	0.07977
184.17038	0.07474
184.13330	0.06850
184.09621	0.06171
184.05913	0.05578
184.02204	0.05226
183.98495	0.05217
183.94787	0.05548
183.91078	0.06112
183.87369	0.06746
183.83661	0.07297
183.79952	0.07677
183.76244	0.07877
183.72535	0.07936
183.68826	0.07904
183.65118	0.07799
183.61409	0.07609
183.57700	0.07304
183.53992	0.06874
183.50283	0.06340
183.46575	0.05750
183.42866	0.05157
183.39157	0.04600
183.35449	0.04112
183.31740	0.03735
183.28031	0.03539
183.24323	0.03610
183.20614	0.04015
183.16906	0.04743
183.13197	0.05667
183.09488	0.06562
183.05780	0.07170
183.02071	0.07313
182.98362	0.06970
182.94654	0.06299
182.90945	0.05568
182.87237	0.05038
182.83528	0.04843
182.79819	0.04943
182.76111	0.05167
182.72402	0.05323
182.68693	0.05316
182.64985	0.05212
182.61276	0.05211
182.57567	0.05538
182.53859	0.06313
182.50150	0.07478
182.46442	0.08799
182.42733	0.09957
182.39024	0.10678
182.35316	0.10834
182.31607	0.10477
182.27898	0.09798
182.24190	0.09039
182.20481	0.08408
182.16773	0.08014
182.13064	0.07868
182.09355	0.07906
182.05647	0.08029
182.01938	0.08146
181.98229	0.08192
181.94521	0.08144
181.90812	0.08024
181.87104	0.07886
181.83395	0.07790
181.79686	0.07768
181.75978	0.07787
181.72269	0.07734
181.68560	0.07448
181.64852	0.06781
181.61143	0.05670
181.57435	0.04188
181.53726	0.02518
181.50017	0.00948
181.46309	-0.00280
181.42600	-0.01045
181.38891	-0.01372
181.35183	-0.01394
181.31474	-0.01269
181.27766	-0.01102
181.24057	-0.00911
181.20348	-0.00652
181.16640	-0.00272
181.12931	0.00239
181.09222	0.00840
181.05514	0.01471
181.01805	0.02099
180.98097	0.02742
180.94388	0.03459
180.90679	0.04287
180.86971	0.05192
180.83262	0.06047
180.79553	0.06669
180.75845	0.06894
180.72136	0.06652
180.68428	0.06000
180.64719	0.05100
180.61010	0.04153
180.57302	0.03322
180.53593	0.02693
180.49884	0.02283
180.46176	0.02069
180.42467	0.02036
180.38759	0.02190
180.35050	0.02549
180.31341	0.03157
180.27633	0.03946
180.23924	0.04807
180.20215	0.05626
180.16507	0.06308
180.12798	0.06774
180.09090	0.06953
180.05381	0.06776
180.01672	0.06218
179.97964	0.05344
179.94255	0.04344
179.90546	0.03510
179.86838	0.03138
179.83129	0.03404
179.79421	0.04268
179.75712	0.05476
179.72003	0.06661
179.68295	0.07498
179.64586	0.07834
179.60877	0.07724
179.57169	0.07364
179.53460	0.06966
179.49752	0.06642
179.46043	0.06372
179.42334	0.06045
179.38626	0.05544
179.34917	0.04823
179.31208	0.03919
179.27500	0.02929
179.23791	0.01958
179.20082	0.01090
179.16374	0.00436
179.12665	-0.00040
179.08957	-0.00279
179.05248	-0.00224
179.01539	0.00151
178.97831	0.00817
178.94122	0.01696
178.90413	0.02679
178.86705	0.03671
178.82996	0.04604
178.79288	0.05438
178.75579	0.06130
178.71870	0.06619
178.68162	0.06816
178.64453	0.06648
178.60744	0.06091
178.57036	0.05216
178.53327	0.04179
178.49619	0.03187
178.45910	0.02440
178.42201	0.02076
178.38493	0.02136
178.34784	0.02567
178.31075	0.03230
178.27367	0.03927
178.23658	0.04432
178.19950	0.04545
178.16241	0.04144
178.12532	0.03238
178.08824	0.01994
178.05115	0.00694
178.01406	-0.00351
177.97698	-0.00911
177.93989	-0.00951
177.90281	-0.00563
177.86572	0.00077
177.82863	0.00802
177.79155	0.01539
177.75446	0.02309
177.71737	0.03173
177.68029	0.04139
177.64320	0.05118
177.60612	0.05940
177.56903	0.06449
177.53194	0.06603
177.49486	0.06514
177.45777	0.06398
177.42068	0.06445
177.38360	0.06699
177.34651	0.07020
177.30943	0.07166
177.27234	0.06945
177.23525	0.06353
177.19817	0.05598
177.16108	0.04987
177.12399	0.04742
177.08691	0.04846
177.04982	0.05039
177.01274	0.04959
176.97565	0.04354
176.93856	0.03240
176.90148	0.01885
176.86439	0.00634
176.82730	-0.00321
176.79022	-0.01016
176.75313	-0.01898
176.71605	-0.03281
176.67896	-0.05145
176.64187	-0.07039
176.60479	-0.08267
176.56770	-0.08239
176.53061	-0.06800
176.49353	-0.04308
176.45644	-0.01405
176.41936	0.01369
176.38227	0.03893
176.34518	0.06490
176.30810	0.09656
176.27101	0.13701
176.23392	0.18597
176.19684	0.24211
176.15975	0.30826
176.12267	0.39579
176.08558	0.52400
176.04849	0.71215
176.01141	0.96634
175.97432	1.26727
175.93723	1.56621
175.90015	1.79401
175.86306	1.88182
175.82598	1.78638
175.78889	1.50908
175.75180	1.09985
175.71472	0.64300
175.67763	0.23016
175.64054	-0.06897
175.60346	-0.23081
175.56637	-0.26362
175.52928	-0.21618
175.49220	-0.14475
175.45511	-0.09100
175.41803	-0.07113
175.38094	-0.07830
175.34385	-0.09450
175.30677	-0.10400
175.26968	-0.10144
175.23259	-0.09186
175.19551	-0.08469
175.15842	-0.08644
175.12134	-0.09689
175.08425	-0.11020
175.04716	-0.11950
175.01008	-0.12145
174.97299	-0.11791
174.93590	-0.11399
174.89882	-0.11433
174.86173	-0.11993
174.82465	-0.12781
174.78756	-0.13317
174.75047	-0.13257
174.71339	-0.12587
174.67630	-0.11591
174.63921	-0.10631
174.60213	-0.09896
174.56504	-0.09300
174.52796	-0.08575
174.49087	-0.07487
174.45378	-0.06026
174.41670	-0.04246
174.37961	-0.02690
174.34252	-0.01563
174.30544	-0.00781
174.26835	-0.00028
174.23127	0.01046
174.19418	0.02584
174.15709	0.04407
174.12001	0.06071
174.08292	0.07073
174.04583	0.07088
174.00875	0.06116
173.97166	0.04473
173.93458	0.02655
173.89749	0.01154
173.86040	0.00303
173.82332	0.00209
173.78623	0.00777
173.74914	0.01790
173.71206	0.03013
173.67497	0.04268
173.63789	0.05476
173.60080	0.06643
173.56371	0.07805
173.52663	0.08953
173.48954	0.09984
173.45245	0.10695
173.41537	0.10856
173.37828	0.10310
173.34120	0.09073
173.30411	0.07358
173.26702	0.05516
173.22994	0.03952
173.19285	0.02852
173.15576	0.02234
173.11868	0.01960
173.08159	0.01828
173.04451	0.01679
173.00742	0.01475
172.97033	0.01283
172.93325	0.01213
172.89616	0.01329
172.85907	0.01606
172.82199	0.01953
172.78490	0.02287
172.74782	0.02599
172.71073	0.02975
172.67364	0.03552
172.63656	0.04432
172.59947	0.05611
172.56238	0.06964
172.52530	0.08296
172.48821	0.09426
172.45113	0.10256
172.41404	0.10792
172.37695	0.11101
172.33987	0.11258
172.30278	0.11292
172.26569	0.11189
172.22861	0.10922
172.19152	0.10497
172.15443	0.09966
172.11735	0.09408
172.08026	0.08887
172.04318	0.08457
172.00609	0.07990
171.96900	0.07413
171.93192	0.06709
171.89483	0.05951
171.85774	0.05288
171.82066	0.04883
171.78357	0.04834
171.74649	0.05128
171.70940	0.05653
171.67231	0.06251
171.63523	0.06794
171.59814	0.07225
171.56105	0.07553
171.52397	0.07806
171.48688	0.07988
171.44980	0.08059
171.41271	0.07964
171.37562	0.07679
171.33854	0.07252
171.30145	0.06797
171.26436	0.06443
171.22728	0.06272
171.19019	0.06270
171.15311	0.06332
171.11602	0.06317
171.07893	0.06116
171.04185	0.05700
171.00476	0.05113
170.96767	0.04428
170.93059	0.03692
170.89350	0.02900
170.85642	0.02011
170.81933	0.01023
170.78224	0.00010
170.74516	-0.00861
170.70807	-0.01388
170.67098	-0.01426
170.63390	-0.00972
170.59681	-0.00195
170.55973	0.00619
170.52264	0.01179
170.48555	0.01305
170.44847	0.00996
170.41138	0.00413
170.37429	-0.00206
170.33721	-0.00658
170.30012	-0.00851
170.26304	-0.00820
170.22595	-0.00672
170.18886	-0.00509
170.15178	-0.00367
170.11469	-0.00211
170.07760	0.00026
170.04052	0.00383
170.00343	0.00839
169.96635	0.01317
169.92926	0.01731
169.89217	0.02033
169.85509	0.02241
169.81800	0.02418
169.78091	0.02623
169.74383	0.02868
169.70674	0.03106
169.66966	0.03250
169.63257	0.03254
169.59548	0.03133
169.55840	0.02982
169.52131	0.02936
169.48422	0.03104
169.44714	0.03524
169.41005	0.04150
169.37297	0.04889
169.33588	0.05654
169.29879	0.06401
169.26171	0.07132
169.22462	0.07850
169.18753	0.08519
169.15045	0.09050
169.11336	0.09328
169.07628	0.09277
169.03919	0.08919
169.00210	0.08388
168.96502	0.07878
168.92793	0.07568
168.89084	0.07536
168.85376	0.07743
168.81667	0.08065
168.77958	0.08379
168.74250	0.08627
168.70541	0.08837
168.66833	0.09075
168.63124	0.09372
168.59415	0.09678
168.55707	0.09869
168.51998	0.09819
168.48289	0.09484
168.44581	0.08949
168.40872	0.08401
168.37164	0.08037
168.33455	0.07958
168.29746	0.08123
168.26038	0.08374
168.22329	0.08538
168.18620	0.08526
168.14912	0.08374
168.11203	0.08204
168.07495	0.08121
168.03786	0.08126
168.00077	0.08103
167.96369	0.07886
167.92660	0.07380
167.88951	0.06652
167.85243	0.05925
167.81534	0.05478
167.77826	0.05502
167.74117	0.06000
167.70408	0.06791
167.66700	0.07610
167.62991	0.08247
167.59282	0.08643
167.55574	0.08867
167.51865	0.09022
167.48157	0.09126
167.44448	0.09067
167.40739	0.08668
167.37031	0.07830
167.33322	0.06649
167.29613	0.05439
167.25905	0.04603
167.22196	0.04447
167.18488	0.05019
167.14779	0.06073
167.11070	0.07196
167.07362	0.08007
167.03653	0.08337
166.99944	0.08271
166.96236	0.08043
166.92527	0.07862
166.88819	0.07758
166.85110	0.07577
166.81401	0.07085
166.77693	0.06145
166.73984	0.04816
166.70275	0.03344
166.66567	0.02022
166.62858	0.01034
166.59150	0.00374
166.55441	-0.00105
166.51732	-0.00549
166.48024	-0.00974
166.44315	-0.01228
166.40606	-0.01087
166.36898	-0.00415
166.33189	0.00722
166.29481	0.02066
166.25772	0.03307
166.22063	0.04262
166.18355	0.04971
166.14646	0.05646
166.10937	0.06494
166.07229	0.07544
166.03520	0.08576
165.99812	0.09230
165.96103	0.09233
165.92394	0.08599
165.88686	0.07670
165.84977	0.06960
165.81268	0.06883
165.77560	0.07525
165.73851	0.08603
165.70143	0.09634
165.66434	0.10221
165.62725	0.10278
165.59017	0.10045
165.55308	0.09909
165.51599	0.10125
165.47891	0.10626
165.44182	0.11054
165.40473	0.10980
165.36765	0.10186
165.33056	0.08824
165.29348	0.07345
165.25639	0.06247
165.21930	0.05795
165.18222	0.05902
165.14513	0.06231
165.10804	0.06461
165.07096	0.06531
165.03387	0.06692
164.99679	0.07332
164.95970	0.08681
164.92261	0.10594
164.88553	0.12560
164.84844	0.13962
164.81135	0.14425
164.77427	0.14023
164.73718	0.13221
164.70010	0.12570
164.66301	0.12347
164.62592	0.12375
164.58884	0.12148
164.55175	0.11185
164.51466	0.09394
164.47758	0.07207
164.44049	0.05376
164.40341	0.04551
164.36632	0.04894
164.32923	0.05977
164.29215	0.07036
164.25506	0.07429
164.21797	0.07027
164.18089	0.06273
164.14380	0.05885
164.10672	0.06377
164.06963	0.07704
164.03254	0.09261
163.99546	0.10240
163.95837	0.10136
163.92128	0.09071
163.88420	0.07736
163.84711	0.06977
163.81003	0.07275
163.77294	0.08455
163.73585	0.09794
163.69877	0.10473
163.66168	0.10089
163.62459	0.08904
163.58751	0.07687
163.55042	0.07232
163.51334	0.07881
163.47625	0.09328
163.43916	0.10838
163.40208	0.11715
163.36499	0.11731
163.32790	0.11232
163.29082	0.10866
163.25373	0.11122
163.21665	0.11992
163.17956	0.12980
163.14247	0.13454
163.10539	0.13099
163.06830	0.12168
163.03121	0.11343
162.99413	0.11289
162.95704	0.12194
162.91996	0.13594
162.88287	0.14627
162.84578	0.14566
162.80870	0.13294
162.77161	0.11411
162.73452	0.09890
162.69744	0.09486
162.66035	0.10254
162.62327	0.11506
162.58618	0.12215
162.54909	0.11609
162.51201	0.09697
162.47492	0.07234
162.43783	0.05275
162.40075	0.04564
162.36366	0.05141
162.32658	0.06410
162.28949	0.07597
162.25240	0.08272
162.21532	0.08593
162.17823	0.09103
162.14114	0.10254
162.10406	0.11980
162.06697	0.13643
162.02989	0.14406
161.99280	0.13777
161.95571	0.11976
161.91863	0.09839
161.88154	0.08311
161.84445	0.07856
161.80737	0.08156
161.77028	0.08339
161.73319	0.07579
161.69611	0.05697
161.65902	0.03346
161.62194	0.01660
161.58485	0.01551
161.54776	0.03124
161.51068	0.05574
161.47359	0.07654
161.43650	0.08412
161.39942	0.07733
161.36233	0.05584
161.32525	0.03810
161.28816	0.03030
161.25107	0.03047
161.21399	0.03161
161.17690	0.02806
161.13981	0.02018
161.10273	0.01398
161.06564	0.01615
161.02856	0.02868
160.99147	0.04716
160.95438	0.06375
160.91730	0.07230
160.88021	0.07149
160.84312	0.06382
160.80604	0.05198
160.76895	0.03610
160.73187	0.01458
160.69478	-0.01220
160.65769	-0.03912
160.62061	-0.05764
160.58352	-0.06135
160.54643	-0.05172
160.50935	-0.03904
160.47226	-0.03660
160.43518	-0.05157
160.39809	-0.07896
160.36100	-0.10385
160.32392	-0.11117
160.28683	-0.09656
160.24974	-0.07047
160.21266	-0.05202
160.17557	-0.05112
160.13849	-0.07430
160.10140	-0.10684
160.06431	-0.12901
160.02723	-0.12860
159.99014	-0.10862
159.95305	-0.08516
159.91597	-0.07665
159.87888	-0.09145
159.84180	-0.12189
159.80471	-0.14879
159.76762	-0.15375
159.73054	-0.13130
159.69345	-0.09292
159.65636	-0.06004
159.61928	-0.05036
159.58219	-0.06633
159.54511	-0.09337
159.50802	-0.10933
159.47093	-0.09916
159.43385	-0.06526
159.39676	-0.02638
159.35967	-0.00560
159.32259	-0.01480
159.28550	-0.04609
159.24842	-0.07611
159.21133	-0.08091
159.17424	-0.05206
159.13716	-0.00320
159.10007	0.03780
159.06298	0.04655
159.02590	0.01852
158.98881	-0.02760
158.95173	-0.05857
158.91464	-0.05034
158.87755	-0.00364
158.84047	0.05501
158.80338	0.08931
158.76629	0.07633
158.72921	0.02220
158.69212	-0.04060
158.65504	-0.07326
158.61795	-0.05548
158.58086	0.00092
158.54378	0.05934
158.50669	0.08250
158.46960	0.05817
158.43252	0.00904
158.39543	-0.02070
158.35834	0.00529
158.32126	0.08907
158.28417	0.19282
158.24709	0.25943
158.21000	0.24746
158.17291	0.15839
158.13583	0.03759
158.09874	-0.05295
158.06165	-0.07371
158.02457	-0.03271
157.98748	0.02092
157.95040	0.03243
157.91331	-0.01729
157.87622	-0.09414
157.83914	-0.13263
157.80205	-0.08419
157.76496	0.03569
157.72788	0.15122
157.69079	0.18428
157.65371	0.14744
157.61662	0.21621
157.57953	0.72236
157.54245	2.04385
157.50536	4.42188
157.46827	7.78431
157.43119	11.66826
157.39410	15.29996
157.35702	17.82109
157.31993	18.57953
157.28284	17.36502
157.24576	14.48869
157.20867	10.67105
157.17158	6.78679
157.13450	3.57459
157.09741	1.42925
157.06033	0.34916
157.02324	0.03780
156.98615	0.09222
156.94907	0.18377
156.91198	0.15635
156.87489	0.01952
156.83781	-0.13231
156.80072	-0.21441
156.76364	-0.20703
156.72655	-0.15199
156.68946	-0.10848
156.65238	-0.10606
156.61529	-0.12792
156.57820	-0.12679
156.54112	-0.06734
156.50403	0.04557
156.46695	0.16663
156.42986	0.23816
156.39277	0.22695
156.35569	0.14523
156.31860	0.04285
156.28151	-0.02357
156.24443	-0.02436
156.20734	0.02783
156.17026	0.08929
156.13317	0.11481
156.09608	0.08594
156.05900	0.02051
156.02191	-0.04130
155.98482	-0.06409
155.94774	-0.03954
155.91065	0.00983
155.87357	0.04705
155.83648	0.04550
155.79939	0.00599
155.76231	-0.04458
155.72522	-0.07129
155.68813	-0.05379
155.65105	0.00097
155.61396	0.06374
155.57688	0.10159
155.53979	0.09801
155.50270	0.06167
155.46562	0.01910
155.42853	-0.00143
155.39144	0.00822
155.35436	0.03609
155.31727	0.05808
155.28019	0.05514
155.24310	0.02609
155.20601	-0.01208
155.16893	-0.03612
155.13184	-0.03239
155.09475	-0.00584
155.05767	0.02360
155.02058	0.03456
154.98349	0.01860
154.94641	-0.01426
154.90932	-0.04216
154.87224	-0.04582
154.83515	-0.02108
154.79806	0.01851
154.76098	0.05056
154.72389	0.05813
154.68680	0.04018
154.64972	0.01148
154.61263	-0.00753
154.57555	-0.00416
154.53846	0.01875
154.50137	0.04553
154.46429	0.05870
154.42720	0.05095
154.39011	0.03007
154.35303	0.01378
154.31594	0.01794
154.27886	0.04594
154.24177	0.09199
154.20468	0.12929
154.16760	0.14179
154.13051	0.12781
154.09342	0.10007
154.05634	0.07665
154.01925	0.06931
153.98217	0.07701
153.94508	0.08858
153.90799	0.09212
153.87091	0.08411
153.83382	0.07205
153.79673	0.06884
153.75965	0.08307
153.72256	0.11214
153.68548	0.14284
153.64839	0.15916
153.61130	0.15184
153.57422	0.12362
153.53713	0.08683
153.50004	0.05536
153.46296	0.03651
153.42587	0.02800
153.38879	0.02152
153.35170	0.00981
153.31461	-0.00786
153.27753	-0.02560
153.24044	-0.03590
153.20335	-0.03570
153.16627	-0.02933
153.12918	-0.02586
153.09210	-0.03299
153.05501	-0.04939
153.01792	-0.07085
152.98084	-0.08786
152.94375	-0.09256
152.90666	-0.08309
152.86958	-0.06436
152.83249	-0.04493
152.79541	-0.03200
152.75832	-0.02763
152.72123	-0.02838
152.68415	-0.02825
152.64706	-0.02294
152.60997	-0.01263
152.57289	-0.00170
152.53580	0.00426
152.49872	0.00218
152.46163	-0.00661
152.42454	-0.01725
152.38746	-0.02440
152.35037	-0.02537
152.31328	-0.02142
152.27620	-0.01646
152.23911	-0.01425
152.20203	-0.01580
152.16494	-0.01884
152.12785	-0.01942
152.09077	-0.01459
152.05368	-0.00441
152.01659	0.00805
151.97951	0.01851
151.94242	0.02402
151.90534	0.02446
151.86825	0.02182
151.83116	0.01998
151.79408	0.02154
151.75699	0.02693
151.71990	0.03464
151.68282	0.04268
151.64573	0.05012
151.60864	0.05767
151.57156	0.06680
151.53447	0.07807
151.49739	0.08992
151.46030	0.09881
151.42321	0.10101
151.38613	0.09487
151.34904	0.08222
151.31195	0.06783
151.27487	0.05719
151.23778	0.05371
151.20070	0.05702
151.16361	0.06342
151.12652	0.06819
151.08944	0.06845
151.05235	0.06484
151.01526	0.06104
150.97818	0.06153
150.94109	0.06881
150.90401	0.08190
150.86692	0.09678
150.82983	0.10862
150.79275	0.11424
150.75566	0.11343
150.71857	0.10848
150.68149	0.10219
150.64440	0.09617
150.60732	0.08990
150.57023	0.08175
150.53314	0.07080
150.49606	0.05821
150.45897	0.04706
150.42188	0.04076
150.38480	0.04091
150.34771	0.04614
150.31063	0.05254
150.27354	0.05569
150.23645	0.05294
150.19937	0.04464
150.16228	0.03359
150.12519	0.02309
150.08811	0.01491
150.05102	0.00838
150.01394	0.00122
149.97685	-0.00843
149.93976	-0.02026
149.90268	-0.03127
149.86559	-0.03708
149.82850	-0.03426
149.79142	-0.02234
149.75433	-0.00421
149.71725	0.01517
149.68016	0.03120
149.64307	0.04172
149.60599	0.04766
149.56890	0.05195
149.53181	0.05755
149.49473	0.06234
149.45764	0.06727
149.42056	0.07094
149.38347	0.07276
149.34638	0.07325
149.30930	0.07356
149.27221	0.07461
149.23512	0.07646
149.19804	0.07829
149.16095	0.07892
149.12387	0.07740
149.08678	0.07340
149.04969	0.06711
149.01261	0.05904
148.97552	0.04980
148.93843	0.04021
148.90135	0.03140
148.86426	0.02477
148.82718	0.02155
148.79009	0.02225
148.75300	0.02626
148.71592	0.03198
148.67883	0.03753
148.64174	0.04172
148.60466	0.04457
148.56757	0.04713
148.53049	0.05062
148.49340	0.05546
148.45631	0.06085
148.41923	0.06521
148.38214	0.06729
148.34505	0.06715
148.30797	0.06834
148.27088	0.07114
148.23380	0.07710
148.19671	0.08507
148.15962	0.09148
148.12254	0.09236
148.08545	0.08596
148.04836	0.07424
148.01128	0.06223
147.97419	0.05547
147.93710	0.05697
147.90002	0.06552
147.86293	0.07635
147.82585	0.08396
147.78876	0.08524
147.75167	0.08124
147.71459	0.07650
147.67750	0.07630
147.64041	0.08358
147.60333	0.09728
147.56624	0.11298
147.52916	0.12537
147.49207	0.13099
147.45498	0.12969
147.41790	0.12403
147.38081	0.11734
147.34372	0.11165
147.30664	0.10690
147.26955	0.10170
147.23247	0.09492
147.19538	0.08693
147.15829	0.07966
147.12121	0.07537
147.08412	0.07501
147.04703	0.07760
147.00995	0.08077
146.97286	0.08240
146.93578	0.08200
146.89869	0.08101
146.86160	0.08172
146.82452	0.08543
146.78743	0.09119
146.75034	0.09603
146.71326	0.09657
146.67617	0.09128
146.63909	0.08167
146.60200	0.07185
146.56491	0.06638
146.52783	0.06787
146.49074	0.07551
146.45365	0.08565
146.41657	0.09397
146.37948	0.09795
146.34240	0.09827
146.30531	0.09821
146.26822	0.10151
146.23114	0.10999
146.19405	0.12229
146.15696	0.13450
146.11988	0.14218
146.08279	0.14258
146.04571	0.13579
146.00862	0.12432
145.97153	0.11140
145.93445	0.09941
145.89736	0.08885
145.86027	0.07903
145.82319	0.06926
145.78610	0.05988
145.74902	0.05239
145.71193	0.04862
145.67484	0.04949
145.63776	0.05426
145.60067	0.06083
145.56358	0.06683
145.52650	0.07093
145.48941	0.07341
145.45233	0.07573
145.41524	0.07941
145.37815	0.08485
145.34107	0.09094
145.30398	0.09572
145.26689	0.09750
145.22981	0.09596
145.19272	0.09231
145.15564	0.08866
145.11855	0.08682
145.08146	0.08739
145.04438	0.08970
145.00729	0.09237
144.97020	0.09436
144.93312	0.09558
144.89603	0.09688
144.85895	0.09940
144.82186	0.10385
144.78477	0.11011
144.74769	0.11743
144.71060	0.12493
144.67351	0.13212
144.63643	0.13886
144.59934	0.14498
144.56225	0.14979
144.52517	0.15200
144.48808	0.15015
144.45100	0.14348
144.41391	0.13258
144.37682	0.11946
144.33974	0.10677
144.30265	0.09664
144.26556	0.08979
144.22848	0.08534
144.19139	0.08158
144.15431	0.07710
144.11722	0.07177
144.08013	0.06678
144.04305	0.06390
144.00596	0.06432
143.96887	0.06772
143.93179	0.07237
143.89470	0.07594
143.85762	0.07683
143.82053	0.07511
143.78344	0.07246
143.74636	0.07139
143.70927	0.07387
143.67218	0.08040
143.63510	0.08979
143.59801	0.09985
143.56093	0.10843
143.52384	0.11450
143.48675	0.11822
143.44967	0.12051
143.41258	0.12232
143.37549	0.12394
143.33841	0.12484
143.30132	0.12410
143.26424	0.12096
143.22715	0.11530
143.19006	0.10780
143.15298	0.09965
143.11589	0.09213
143.07880	0.08618
143.04172	0.08225
143.00463	0.08026
142.96755	0.07969
142.93046	0.07976
142.89337	0.07960
142.85629	0.07851
142.81920	0.07629
142.78211	0.07349
142.74503	0.07136
142.70794	0.07146
142.67086	0.07498
142.63377	0.08201
142.59668	0.09124
142.55960	0.10022
142.52251	0.10625
142.48542	0.10751
142.44834	0.10379
142.41125	0.09662
142.37417	0.08911
142.33708	0.08327
142.29999	0.08055
142.26291	0.08095
142.22582	0.08328
142.18873	0.08605
142.15165	0.08829
142.11456	0.08991
142.07748	0.09143
142.04039	0.09334
142.00330	0.09555
141.96622	0.09738
141.92913	0.09796
141.89204	0.09693
141.85496	0.09480
141.81787	0.09268
141.78079	0.09160
141.74370	0.09170
141.70661	0.09190
141.66953	0.09034
141.63244	0.08535
141.59535	0.07641
141.55827	0.06463
141.52118	0.05240
141.48410	0.04244
141.44701	0.03664
141.40992	0.03556
141.37284	0.03842
141.33575	0.04379
141.29866	0.05030
141.26158	0.05705
141.22449	0.06353
141.18740	0.06855
141.15032	0.07202
141.11323	0.07315
141.07615	0.07141
141.03906	0.06697
141.00197	0.06068
140.96489	0.05354
140.92780	0.04602
140.89071	0.03772
140.85363	0.02778
140.81654	0.01585
140.77946	0.00297
140.74237	-0.00829
140.70528	-0.01474
140.66820	-0.01423
140.63111	-0.00701
140.59402	0.00400
140.55694	0.01443
140.51985	0.02042
140.48277	0.02037
140.44568	0.01540
140.40859	0.00824
140.37151	0.00148
140.33442	-0.00392
140.29733	-0.00875
140.26025	-0.01443
140.22316	-0.02144
140.18608	-0.02856
140.14899	-0.03350
140.11190	-0.03458
140.07482	-0.03218
140.03773	-0.02900
140.00064	-0.02775
139.96356	-0.03107
139.92647	-0.03809
139.88939	-0.04533
139.85230	-0.04885
139.81521	-0.04695
139.77813	-0.04156
139.74104	-0.03737
139.70395	-0.03918
139.66687	-0.04885
139.62978	-0.06414
139.59270	-0.08008
139.55561	-0.09214
139.51852	-0.09918
139.48144	-0.10396
139.44435	-0.11100
139.40726	-0.12283
139.37018	-0.13769
139.33309	-0.15048
139.29601	-0.15703
139.25892	-0.15905
139.22183	-0.16595
139.18475	-0.19095
139.14766	-0.24215
139.11057	-0.31269
139.07349	-0.37599
139.03640	-0.39049
138.99932	-0.31390
138.96223	-0.12179
138.92514	0.17768
138.88806	0.54042
138.85097	0.89731
138.81388	1.15869
138.77680	1.29823
138.73971	1.30294
138.70263	1.19368
138.66554	1.01437
138.62845	0.81479
138.59137	0.63437
138.55428	0.49326
138.51719	0.39254
138.48011	0.32146
138.44302	0.26689
138.40594	0.22021
138.36885	0.17921
138.33176	0.14563
138.29468	0.12113
138.25759	0.10463
138.22050	0.09246
138.18342	0.08070
138.14633	0.06784
138.10925	0.05572
138.07216	0.04821
138.03507	0.04841
137.99799	0.05627
137.96090	0.06809
137.92381	0.07821
137.88673	0.08198
137.84964	0.07801
137.81255	0.06882
137.77547	0.05920
137.73838	0.05360
137.70130	0.05393
137.66421	0.05898
137.62712	0.06541
137.59004	0.07024
137.55295	0.07231
137.51586	0.07267
137.47878	0.07357
137.44169	0.07690
137.40461	0.08294
137.36752	0.09016
137.33043	0.09608
137.29335	0.09862
137.25626	0.09699
137.21917	0.09192
137.18209	0.08495
137.14500	0.07757
137.10792	0.07058
137.07083	0.06409
137.03374	0.05807
136.99666	0.05284
136.95957	0.04916
136.92248	0.04783
136.88540	0.04900
136.84831	0.05170
136.81123	0.05395
136.77414	0.05355
136.73705	0.04916
136.69997	0.04105
136.66288	0.03125
136.62579	0.02280
136.58871	0.01860
136.55162	0.02035
136.51454	0.02800
136.47745	0.03995
136.44036	0.05387
136.40328	0.06725
136.36619	0.07839
136.32910	0.08649
136.29202	0.09146
136.25493	0.09353
136.21785	0.09297
136.18076	0.09014
136.14367	0.08561
136.10659	0.08028
136.06950	0.07525
136.03241	0.07155
135.99533	0.06979
135.95824	0.07003
135.92116	0.07192
135.88407	0.07508
135.84698	0.07938
135.80990	0.08510
135.77281	0.09266
135.73572	0.10213
135.69864	0.11282
135.66155	0.12307
135.62447	0.13057
135.58738	0.13300
135.55029	0.12874
135.51321	0.11753
135.47612	0.10063
135.43903	0.08067
135.40195	0.06105
135.36486	0.04526
135.32778	0.03613
135.29069	0.03528
135.25360	0.04298
135.21652	0.05763
135.17943	0.07642
135.14234	0.09595
135.10526	0.11299
135.06817	0.12518
135.03109	0.13142
134.99400	0.13188
134.95691	0.12759
134.91983	0.11994
134.88274	0.11025
134.84565	0.09963
134.80857	0.08906
134.77148	0.07956
134.73440	0.07228
134.69731	0.06818
134.66022	0.06770
134.62314	0.07035
134.58605	0.07466
134.54896	0.07864
134.51188	0.08046
134.47479	0.07923
134.43771	0.07531
134.40062	0.07005
134.36353	0.06512
134.32645	0.06161
134.28936	0.05956
134.25227	0.05802
134.21519	0.05570
134.17810	0.05181
134.14101	0.04661
134.10393	0.04142
134.06684	0.03800
134.02976	0.03785
133.99267	0.04126
133.95558	0.04747
133.91850	0.05515
133.88141	0.06299
133.84432	0.07023
133.80724	0.07664
133.77015	0.08210
133.73307	0.08613
133.69598	0.08770
133.65889	0.08551
133.62181	0.07867
133.58472	0.06739
133.54763	0.05321
133.51055	0.03865
133.47346	0.02629
133.43638	0.01780
133.39929	0.01345
133.36220	0.01219
133.32512	0.01242
133.28803	0.01299
133.25094	0.01371
133.21386	0.01535
133.17677	0.01890
133.13969	0.02468
133.10260	0.03177
133.06551	0.03807
133.02843	0.04118
132.99134	0.03948
132.95425	0.03307
132.91717	0.02384
132.88008	0.01466
132.84300	0.00823
132.80591	0.00616
132.76882	0.00843
132.73174	0.01347
132.69465	0.01898
132.65756	0.02289
132.62048	0.02405
132.58339	0.02258
132.54631	0.01958
132.50922	0.01658
132.47213	0.01492
132.43505	0.01534
132.39796	0.01786
132.36087	0.02182
132.32379	0.02616
132.28670	0.02971
132.24962	0.03144
132.21253	0.03073
132.17544	0.02754
132.13836	0.02247
132.10127	0.01662
132.06418	0.01137
132.02710	0.00803
131.99001	0.00749
131.95293	0.01004
131.91584	0.01542
131.87875	0.02298
131.84167	0.03192
131.80458	0.04153
131.76749	0.05131
131.73041	0.06098
131.69332	0.06945
131.65624	0.07792
131.61915	0.08622
131.58206	0.09405
131.54498	0.10091
131.50789	0.10614
131.47080	0.10894
131.43372	0.10855
131.39663	0.10440
131.35955	0.09632
131.32246	0.08468
131.28537	0.07037
131.24829	0.05465
131.21120	0.03893
131.17411	0.02459
131.13703	0.01281
131.09994	0.00457
131.06286	0.00057
131.02577	0.00115
130.98868	0.00610
130.95160	0.01458
130.91451	0.02513
130.87742	0.03597
130.84034	0.04550
130.80325	0.05285
130.76616	0.05814
130.72908	0.06246
130.69199	0.06741
130.65491	0.07436
130.61782	0.08385
130.58073	0.09531
130.54365	0.10723
130.50656	0.11797
130.46947	0.12533
130.43239	0.12846
130.39530	0.12756
130.35822	0.12383
130.32113	0.11897
130.28404	0.11466
130.24696	0.11207
130.20987	0.11151
130.17278	0.11238
130.13570	0.11340
130.09861	0.11293
130.06153	0.10956
130.02444	0.10258
129.98735	0.09224
129.95027	0.07974
129.91318	0.06691
129.87609	0.05553
129.83901	0.04689
129.80192	0.04134
129.76484	0.03838
129.72775	0.03699
129.69066	0.03613
129.65358	0.03509
129.61649	0.03362
129.57940	0.03178
129.54232	0.02971
129.50523	0.02751
129.46815	0.02529
129.43106	0.02343
129.39397	0.02267
129.35689	0.02408
129.31980	0.02873
129.28271	0.03715
129.24563	0.04861
129.20854	0.06132
129.17146	0.07296
129.13437	0.08149
129.09728	0.08587
129.06020	0.08640
129.02311	0.08441
128.98602	0.08163
128.94894	0.07938
128.91185	0.07812
128.87477	0.07743
128.83768	0.07645
128.80059	0.07444
128.76351	0.07116
128.72642	0.06696
128.68933	0.06248
128.65225	0.05825
128.61516	0.05454
128.57808	0.05135
128.54099	0.04869
128.50390	0.04685
128.46682	0.04647
128.42973	0.04830
128.39264	0.05281
128.35556	0.05978
128.31847	0.06823
128.28139	0.07665
128.24430	0.08344
128.20721	0.08749
128.17013	0.08836
128.13304	0.08625
128.09595	0.08184
128.05887	0.07574
128.02178	0.06843
127.98470	0.06024
127.94761	0.05162
127.91052	0.04331
127.87344	0.03631
127.83635	0.03162
127.79926	0.02975
127.76218	0.03040
127.72509	0.03235
127.68801	0.03387
127.65092	0.03331
127.61383	0.02975
127.57675	0.02340
127.53966	0.01555
127.50257	0.00809
127.46549	0.00287
127.42840	0.00115
127.39131	0.00330
127.35423	0.00887
127.31714	0.01685
127.28006	0.02601
127.24297	0.03505
127.20588	0.04270
127.16880	0.04777
127.13171	0.04919
127.09462	0.04629
127.05754	0.03904
127.02045	0.02827
126.98337	0.01557
126.94628	0.00281
126.90919	-0.00771
126.87211	-0.01478
126.83502	-0.01789
126.79793	-0.01702
126.76085	-0.01247
126.72376	-0.00467
126.68668	0.00576
126.64959	0.01790
126.61250	0.03036
126.57542	0.04134
126.53833	0.04891
126.50124	0.05158
126.46416	0.04884
126.42707	0.04148
126.38999	0.03150
126.35290	0.02160
126.31581	0.01440
126.27873	0.01167
126.24164	0.01380
126.20455	0.01985
126.16747	0.02794
126.13038	0.03592
126.09330	0.04207
126.05621	0.04548
126.01912	0.04614
125.98204	0.04465
125.94495	0.04179
125.90786	0.03825
125.87078	0.03446
125.83369	0.03080
125.79661	0.02775
125.75952	0.02613
125.72243	0.02682
125.68535	0.03064
125.64826	0.03787
125.61117	0.04796
125.57409	0.05953
125.53700	0.07074
125.49992	0.07987
125.46283	0.08582
125.42574	0.08845
125.38866	0.08845
125.35157	0.08685
125.31448	0.08456
125.27740	0.08194
125.24031	0.07871
125.20323	0.07433
125.16614	0.06839
125.12905	0.06110
125.09197	0.05340
125.05488	0.04680
125.01779	0.04292
124.98071	0.04294
124.94362	0.04722
124.90654	0.05509
124.86945	0.06502
124.83236	0.07495
124.79528	0.08280
124.75819	0.08690
124.72110	0.08640
124.68402	0.08152
124.64693	0.07355
124.60985	0.06458
124.57276	0.05670
124.53567	0.05230
124.49859	0.05248
124.46150	0.05690
124.42441	0.06392
124.38733	0.07104
124.35024	0.07574
124.31316	0.07629
124.27607	0.07230
124.23898	0.06472
124.20190	0.05541
124.16481	0.04647
124.12772	0.03956
124.09064	0.03552
124.05355	0.03434
124.01646	0.03550
123.97938	0.03834
123.94229	0.04236
123.90521	0.04727
123.86812	0.05287
123.83103	0.05885
123.79395	0.06469
123.75686	0.06969
123.71977	0.07325
123.68269	0.07508
123.64560	0.07533
123.60852	0.07454
123.57143	0.07335
123.53434	0.07231
123.49726	0.07159
123.46017	0.07104
123.42308	0.07028
123.38600	0.06878
123.34891	0.06644
123.31183	0.06315
123.27474	0.05886
123.23765	0.05352
123.20057	0.04710
123.16348	0.03970
123.12639	0.03180
123.08931	0.02426
123.05222	0.01826
123.01514	0.01494
122.97805	0.01507
122.94096	0.01871
122.90388	0.02509
122.86679	0.03289
122.82970	0.04063
122.79262	0.04712
122.75553	0.05179
122.71845	0.05473
122.68136	0.05651
122.64427	0.05782
122.60719	0.05912
122.57010	0.06040
122.53301	0.06117
122.49593	0.06048
122.45884	0.05727
122.42176	0.05058
122.38467	0.03992
122.34758	0.02556
122.31050	0.00864
122.27341	-0.00889
122.23632	-0.02456
122.19924	-0.03614
122.16215	-0.04186
122.12507	-0.04114
122.08798	-0.03448
122.05089	-0.02321
122.01381	-0.00896
121.97672	0.00679
121.93963	0.02289
121.90255	0.03843
121.86546	0.05236
121.82838	0.06326
121.79129	0.06941
121.75420	0.06934
121.71712	0.06258
121.68003	0.05027
121.64294	0.03528
121.60586	0.02146
121.56877	0.01242
121.53169	0.01018
121.49460	0.01443
121.45751	0.02264
121.42043	0.03111
121.38334	0.03651
121.34625	0.03715
121.30917	0.03349
121.27208	0.02762
121.23500	0.02216
121.19791	0.01896
121.16082	0.01848
121.12374	0.01991
121.08665	0.02200
121.04956	0.02398
121.01248	0.02630
120.97539	0.02948
120.93831	0.03441
120.90122	0.04103
120.86413	0.04800
120.82705	0.05309
120.78996	0.05424
120.75287	0.05076
120.71579	0.04398
120.67870	0.03688
120.64162	0.03298
120.60453	0.03478
120.56744	0.04265
120.53036	0.05451
120.49327	0.06655
120.45618	0.07469
120.41910	0.07593
120.38201	0.06935
120.34492	0.05620
120.30784	0.03930
120.27075	0.02203
120.23367	0.00732
120.19658	-0.00296
120.15949	-0.00823
120.12241	-0.00901
120.08532	-0.00659
120.04823	-0.00261
120.01115	0.00131
119.97406	0.00387
119.93698	0.00425
119.89989	0.00224
119.86280	-0.00183
119.82572	-0.00720
119.78863	-0.01291
119.75154	-0.01798
119.71446	-0.02157
119.67737	-0.02306
119.64029	-0.02208
119.60320	-0.01856
119.56611	-0.01276
119.52903	-0.00522
119.49194	0.00329
119.45485	0.01198
119.41777	0.02022
119.38068	0.02766
119.34360	0.03431
119.30651	0.04029
119.26942	0.04569
119.23234	0.05035
119.19525	0.05390
119.15816	0.05600
119.12108	0.05659
119.08399	0.05607
119.04691	0.05527
119.00982	0.05513
118.97273	0.05637
118.93565	0.05916
118.89856	0.06317
118.86147	0.06779
118.82439	0.07249
118.78730	0.07705
118.75022	0.08152
118.71313	0.08602
118.67604	0.09043
118.63896	0.09408
118.60187	0.09636
118.56478	0.09671
118.52770	0.09494
118.49061	0.09133
118.45353	0.08633
118.41644	0.08023
118.37935	0.07285
118.34227	0.06368
118.30518	0.05230
118.26809	0.03888
118.23101	0.02457
118.19392	0.01126
118.15684	0.00103
118.11975	-0.00464
118.08266	-0.00539
118.04558	-0.00201
118.00849	0.00406
117.97140	0.01144
117.93432	0.01936
117.89723	0.02778
117.86015	0.03690
117.82306	0.04667
117.78597	0.05635
117.74889	0.06471
117.71180	0.07060
117.67471	0.07368
117.63763	0.07477
117.60054	0.07565
117.56346	0.07829
117.52637	0.08383
117.48928	0.09194
117.45220	0.10086
117.41511	0.10795
117.37802	0.11086
117.34094	0.10843
117.30385	0.10110
117.26677	0.09065
117.22968	0.07954
117.19259	0.07006
117.15551	0.06379
117.11842	0.06132
117.08133	0.06237
117.04425	0.06597
117.00716	0.07066
116.97007	0.07477
116.93299	0.07664
116.89590	0.07501
116.85882	0.06942
116.82173	0.06046
116.78464	0.04973
116.74756	0.03933
116.71047	0.03118
116.67338	0.02626
116.63630	0.02435
116.59921	0.02418
116.56213	0.02419
116.52504	0.02322
116.48795	0.02117
116.45087	0.01892
116.41378	0.01788
116.37669	0.01917
116.33961	0.02309
116.30252	0.02888
116.26544	0.03517
116.22835	0.04047
116.19126	0.04393
116.15418	0.04562
116.11709	0.04634
116.08000	0.04715
116.04292	0.04885
116.00583	0.05161
115.96875	0.05499
115.93166	0.05829
115.89457	0.06094
115.85749	0.06277
115.82040	0.06409
115.78331	0.06544
115.74623	0.06722
115.70914	0.06940
115.67206	0.07139
115.63497	0.07223
115.59788	0.07094
115.56080	0.06696
115.52371	0.06055
115.48662	0.05284
115.44954	0.04568
115.41245	0.04111
115.37537	0.04075
115.33828	0.04527
115.30119	0.05404
115.26411	0.06523
115.22702	0.07632
115.18993	0.08478
115.15285	0.08875
115.11576	0.08751
115.07868	0.08156
115.04159	0.07237
115.00450	0.06192
114.96742	0.05210
114.93033	0.04445
114.89324	0.03989
114.85616	0.03877
114.81907	0.04091
114.78199	0.04569
114.74490	0.05216
114.70781	0.05912
114.67073	0.06540
114.63364	0.07000
114.59655	0.07242
114.55947	0.07269
114.52238	0.07135
114.48530	0.06917
114.44821	0.06685
114.41112	0.06476
114.37404	0.06288
114.33695	0.06086
114.29986	0.05837
114.26278	0.05529
114.22569	0.05187
114.18861	0.04873
114.15152	0.04664
114.11443	0.04635
114.07735	0.04833
114.04026	0.05278
114.00317	0.05956
113.96609	0.06829
113.92900	0.07831
113.89192	0.08863
113.85483	0.09815
113.81774	0.10550
113.78066	0.10929
113.74357	0.10849
113.70648	0.10280
113.66940	0.09287
113.63231	0.08031
113.59522	0.06730
113.55814	0.05602
113.52105	0.04795
113.48397	0.04350
113.44688	0.04186
113.40979	0.04136
113.37271	0.04015
113.33562	0.03687
113.29853	0.03117
113.26145	0.02383
113.22436	0.01644
113.18728	0.01083
113.15019	0.00847
113.11310	0.01007
113.07602	0.01549
113.03893	0.02400
113.00184	0.03462
112.96476	0.04648
112.92767	0.05894
112.89059	0.07159
112.85350	0.08409
112.81641	0.09603
112.77933	0.10685
112.74224	0.11593
112.70515	0.12258
112.66807	0.12631
112.63098	0.12669
112.59390	0.12343
112.55681	0.11645
112.51972	0.10610
112.48264	0.09323
112.44555	0.07931
112.40846	0.06618
112.37138	0.05561
112.33429	0.04881
112.29721	0.04600
112.26012	0.04637
112.22303	0.04843
112.18595	0.05066
112.14886	0.05209
112.11177	0.05265
112.07469	0.05306
112.03760	0.05430
112.00052	0.05710
111.96343	0.06151
111.92634	0.06696
111.88926	0.07258
111.85217	0.07763
111.81508	0.08187
111.77800	0.08545
111.74091	0.08862
111.70383	0.09139
111.66674	0.09332
111.62965	0.09369
111.59257	0.09191
111.55548	0.08790
111.51839	0.08215
111.48131	0.07566
111.44422	0.06931
111.40714	0.06340
111.37005	0.05754
111.33296	0.05094
111.29588	0.04294
111.25879	0.03357
111.22170	0.02376
111.18462	0.01499
111.14753	0.00872
111.11045	0.00566
111.07336	0.00546
111.03627	0.00685
110.99919	0.00825
110.96210	0.00847
110.92501	0.00725
110.88793	0.00532
110.85084	0.00395
110.81376	0.00426
110.77667	0.00669
110.73958	0.01066
110.70250	0.01485
110.66541	0.01769
110.62832	0.01804
110.59124	0.01559
110.55415	0.01105
110.51707	0.00579
110.47998	0.00138
110.44289	-0.00104
110.40581	-0.00115
110.36872	0.00046
110.33163	0.00257
110.29455	0.00377
110.25746	0.00317
110.22037	0.00085
110.18329	-0.00208
110.14620	-0.00375
110.10912	-0.00211
110.07203	0.00428
110.03494	0.01572
109.99786	0.03114
109.96077	0.04840
109.92368	0.06485
109.88660	0.07812
109.84951	0.08668
109.81243	0.09007
109.77534	0.08886
109.73825	0.08421
109.70117	0.07755
109.66408	0.07020
109.62699	0.06324
109.58991	0.05743
109.55282	0.05326
109.51574	0.05085
109.47865	0.05001
109.44156	0.05024
109.40448	0.05095
109.36739	0.05163
109.33030	0.05212
109.29322	0.05269
109.25613	0.05384
109.21905	0.05605
109.18196	0.05933
109.14487	0.06316
109.10779	0.06641
109.07070	0.06780
109.03361	0.06642
108.99653	0.06217
108.95944	0.05586
108.92236	0.04903
108.88527	0.04350
108.84818	0.04079
108.81110	0.04169
108.77401	0.04603
108.73692	0.05275
108.69984	0.06013
108.66275	0.06624
108.62567	0.06932
108.58858	0.06826
108.55149	0.06284
108.51441	0.05393
108.47732	0.04328
108.44023	0.03312
108.40315	0.02552
108.36606	0.02183
108.32898	0.02227
108.29189	0.02600
108.25480	0.03144
108.21772	0.03698
108.18063	0.04147
108.14354	0.04455
108.10646	0.04652
108.06937	0.04799
108.03229	0.04947
107.99520	0.05106
107.95811	0.05253
107.92103	0.05391
107.88394	0.05526
107.84685	0.05703
107.80977	0.05979
107.77268	0.06391
107.73560	0.06906
107.69851	0.07411
107.66142	0.07734
107.62434	0.07702
107.58725	0.07213
107.55016	0.06282
107.51308	0.05054
107.47599	0.03764
107.43891	0.02656
107.40182	0.01909
107.36473	0.01575
107.32765	0.01576
107.29056	0.01737
107.25347	0.01860
107.21639	0.01799
107.17930	0.01509
107.14222	0.01061
107.10513	0.00608
107.06804	0.00332
107.03096	0.00374
106.99387	0.00794
106.95678	0.01556
106.91970	0.02549
106.88261	0.03634
106.84553	0.04684
106.80844	0.05618
106.77135	0.06399
106.73427	0.07033
106.69718	0.07525
106.66009	0.07870
106.62301	0.08047
106.58592	0.08036
106.54883	0.07835
106.51175	0.07479
106.47466	0.07037
106.43758	0.06589
106.40049	0.06204
106.36340	0.05908
106.32632	0.05676
106.28923	0.05436
106.25214	0.05094
106.21506	0.04566
106.17797	0.03805
106.14089	0.02828
106.10380	0.01721
106.06671	0.00632
106.02963	-0.00260
105.99254	-0.00788
105.95545	-0.00845
105.91837	-0.00431
105.88128	0.00335
105.84420	0.01242
105.80711	0.02044
105.77002	0.02548
105.73294	0.02677
105.69585	0.02502
105.65876	0.02204
105.62168	0.01994
105.58459	0.01996
105.54751	0.02236
105.51042	0.02563
105.47333	0.02738
105.43625	0.02539
105.39916	0.01869
105.36207	0.00815
105.32499	-0.00372
105.28790	-0.01363
105.25082	-0.01871
105.21373	-0.01745
105.17664	-0.01010
105.13956	0.00156
105.10247	0.01498
105.06538	0.02768
105.02830	0.03790
104.99121	0.04485
104.95413	0.04859
104.91704	0.04980
104.87995	0.04940
104.84287	0.04834
104.80578	0.04740
104.76869	0.04706
104.73161	0.04742
104.69452	0.04820
104.65744	0.04889
104.62035	0.04900
104.58326	0.04842
104.54618	0.04756
104.50909	0.04728
104.47200	0.04849
104.43492	0.05171
104.39783	0.05663
104.36075	0.06211
104.32366	0.06652
104.28657	0.06841
104.24949	0.06714
104.21240	0.06313
104.17531	0.05756
104.13823	0.05182
104.10114	0.04686
104.06406	0.04279
104.02697	0.03904
103.98988	0.03485
103.95280	0.02990
103.91571	0.02462
103.87862	0.02016
103.84154	0.01787
103.80445	0.01872
103.76737	0.02288
103.73028	0.02966
103.69319	0.03796
103.65611	0.04671
103.61902	0.05534
103.58193	0.06383
103.54485	0.07237
103.50776	0.08088
103.47068	0.08865
103.43359	0.09423
103.39650	0.09584
103.35942	0.09201
103.32233	0.08222
103.28524	0.06732
103.24816	0.04941
103.21107	0.03068
103.17398	0.01442
103.13690	0.00246
103.09981	-0.00471
103.06273	-0.00790
103.02564	-0.00870
102.98855	-0.00885
102.95147	-0.00962
102.91438	-0.01153
102.87729	-0.01437
102.84021	-0.01753
102.80312	-0.02023
102.76604	-0.02177
102.72895	-0.02149
102.69186	-0.01876
102.65478	-0.01302
102.61769	-0.00403
102.58060	0.00774
102.54352	0.02087
102.50643	0.03311
102.46935	0.04199
102.43226	0.04566
102.39517	0.04376
102.35809	0.03760
102.32100	0.02967
102.28391	0.02244
102.24683	0.01707
102.20974	0.01272
102.17266	0.00687
102.13557	-0.00332
102.09848	-0.01918
102.06140	-0.03922
102.02431	-0.05892
101.98722	-0.07227
101.95014	-0.07364
101.91305	-0.06014
101.87597	-0.03278
101.83888	0.00375
101.80179	0.04281
101.76471	0.07808
101.72762	0.10552
101.69053	0.12419
101.65345	0.13567
101.61636	0.14261
101.57928	0.14725
101.54219	0.15052
101.50510	0.15216
101.46802	0.15148
101.43093	0.14836
101.39384	0.14361
101.35676	0.13870
101.31967	0.13496
101.28259	0.13272
101.24550	0.13105
101.20841	0.12811
101.17133	0.12212
101.13424	0.11229
101.09715	0.09929
101.06007	0.08499
101.02298	0.07163
100.98590	0.06092
100.94881	0.05342
100.91172	0.04856
100.87464	0.04515
100.83755	0.04216
100.80046	0.03885
100.76338	0.03533
100.72629	0.03210
100.68921	0.02964
100.65212	0.02817
100.61503	0.02766
100.57795	0.02801
100.54086	0.02934
100.50377	0.03199
100.46669	0.03637
100.42960	0.04268
100.39252	0.05068
100.35543	0.05969
100.31834	0.06873
100.28126	0.07682
100.24417	0.08315
100.20708	0.08713
100.17000	0.08832
100.13291	0.08634
100.09583	0.08092
100.05874	0.07212
100.02165	0.06048
99.98457	0.04712
99.94748	0.03349
99.91039	0.02107
99.87331	0.01095
99.83622	0.00361
99.79913	-0.00094
99.76205	-0.00287
99.72496	-0.00221
99.68788	0.00124
99.65079	0.00712
99.61370	0.01577
99.57662	0.02624
99.53953	0.03679
99.50244	0.04533
99.46536	0.05026
99.42827	0.05111
99.39119	0.04879
99.35410	0.04509
99.31701	0.04184
99.27993	0.04008
99.24284	0.03972
99.20575	0.03975
99.16867	0.03903
99.13158	0.03701
99.09450	0.03406
99.05741	0.03120
99.02032	0.02941
98.98324	0.02893
98.94615	0.02909
98.90906	0.02865
98.87198	0.02662
98.83489	0.02294
98.79781	0.01871
98.76072	0.01569
98.72363	0.01544
98.68655	0.01853
98.64946	0.02422
98.61237	0.03088
98.57529	0.03693
98.53820	0.04162
98.50112	0.04549
98.46403	0.05007
98.42694	0.05666
98.38986	0.06576
98.35277	0.07653
98.31568	0.08707
98.27860	0.09519
98.24151	0.09928
98.20443	0.09884
98.16734	0.09446
98.13025	0.08733
98.09317	0.07853
98.05608	0.06876
98.01899	0.05835
97.98191	0.04763
97.94482	0.03735
97.90774	0.02868
97.87065	0.02294
97.83356	0.02101
97.79648	0.02289
97.75939	0.02762
97.72230	0.03368
97.68522	0.03961
97.64813	0.04461
97.61105	0.04874
97.57396	0.05266
97.53687	0.05710
97.49979	0.06235
97.46270	0.06800
97.42561	0.07312
97.38853	0.07671
97.35144	0.07815
97.31436	0.07740
97.27727	0.07459
97.24018	0.07072
97.20310	0.06635
97.16601	0.06177
97.12892	0.05707
97.09184	0.05227
97.05475	0.04745
97.01767	0.04284
96.98058	0.03877
96.94349	0.03551
96.90641	0.03318
96.86932	0.03180
96.83223	0.03117
96.79515	0.03102
96.75806	0.03089
96.72098	0.03026
96.68389	0.02861
96.64680	0.02566
96.60972	0.02158
96.57263	0.01717
96.53554	0.01367
96.49846	0.01235
96.46137	0.01393
96.42428	0.01807
96.38720	0.02330
96.35011	0.02741
96.31303	0.02833
96.27594	0.02496
96.23885	0.01774
96.20177	0.00858
96.16468	0.00023
96.12759	-0.00472
96.09051	-0.00412
96.05342	0.00194
96.01634	0.01273
95.97925	0.02698
95.94216	0.04342
95.90508	0.06103
95.86799	0.07888
95.83090	0.09572
95.79382	0.10963
95.75673	0.11825
95.71965	0.11930
95.68256	0.11151
95.64547	0.09529
95.60839	0.07289
95.57130	0.04794
95.53421	0.02442
95.49713	0.00568
95.46004	-0.00632
95.42296	-0.01115
95.38587	-0.00952
95.34878	-0.00270
95.31170	0.00803
95.27461	0.02160
95.23752	0.03710
95.20044	0.05362
95.16335	0.07006
95.12627	0.08517
95.08918	0.09775
95.05209	0.10691
95.01501	0.11217
94.97792	0.11359
94.94083	0.11160
94.90375	0.10676
94.86666	0.10003
94.82958	0.09234
94.79249	0.08449
94.75540	0.07707
94.71832	0.07035
94.68123	0.06433
94.64414	0.05893
94.60706	0.05428
94.56997	0.05090
94.53289	0.04974
94.49580	0.05170
94.45871	0.05720
94.42163	0.06555
94.38454	0.07491
94.34745	0.08270
94.31037	0.08644
94.27328	0.08480
94.23620	0.07816
94.19911	0.06857
94.16202	0.05890
94.12494	0.05176
94.08785	0.04844
94.05076	0.04857
94.01368	0.05056
93.97659	0.05254
93.93951	0.05329
93.90242	0.05281
93.86533	0.05202
93.82825	0.05205
93.79116	0.05338
93.75407	0.05537
93.71699	0.05646
93.67990	0.05487
93.64282	0.04959
93.60573	0.04088
93.56864	0.03030
93.53156	0.02006
93.49447	0.01224
93.45738	0.00807
93.42030	0.00769
93.38321	0.01040
93.34613	0.01514
93.30904	0.02089
93.27195	0.02691
93.23487	0.03265
93.19778	0.03763
93.16069	0.04140
93.12361	0.04366
93.08652	0.04457
93.04943	0.04485
93.01235	0.04572
92.97526	0.04850
92.93818	0.05409
92.90109	0.06262
92.86400	0.07337
92.82692	0.08523
92.78983	0.09715
92.75274	0.10857
92.71566	0.11939
92.67857	0.12956
92.64149	0.13846
92.60440	0.14451
92.56731	0.14535
92.53023	0.13853
92.49314	0.12321
92.45605	0.10049
92.41897	0.07380
92.38188	0.04832
92.34480	0.02941
92.30771	0.02087
92.27062	0.02365
92.23354	0.03546
92.19645	0.05162
92.15936	0.06673
92.12228	0.07660
92.08519	0.07953
92.04811	0.07665
92.01102	0.07106
91.97393	0.06632
91.93685	0.06489
91.89976	0.06719
91.86267	0.07163
91.82559	0.07546
91.78850	0.07602
91.75142	0.07173
91.71433	0.06255
91.67724	0.04961
91.64016	0.03462
91.60307	0.01911
91.56598	0.00424
91.52890	-0.00906
91.49181	-0.01972
91.45473	-0.02626
91.41764	-0.02710
91.38055	-0.02126
91.34347	-0.00896
91.30638	0.00731
91.26929	0.02383
91.23221	0.03640
91.19512	0.04184
91.15804	0.03907
91.12095	0.02962
91.08386	0.01700
91.04678	0.00538
91.00969	-0.00192
90.97260	-0.00351
90.93552	-0.00017
90.89843	0.00580
90.86135	0.01169
90.82426	0.01541
90.78717	0.01604
90.75009	0.01384
90.71300	0.00975
90.67591	0.00489
90.63883	0.00029
90.60174	-0.00320
90.56466	-0.00470
90.52757	-0.00335
90.49048	0.00151
90.45340	0.00996
90.41631	0.02120
90.37922	0.03350
90.34214	0.04468
90.30505	0.05277
90.26797	0.05671
90.23088	0.05671
90.19379	0.05408
90.15671	0.05058
90.11962	0.04803
90.08253	0.04754
90.04545	0.04948
90.00836	0.05361
89.97128	0.05942
89.93419	0.06632
89.89710	0.07368
89.86002	0.08067
89.82293	0.08625
89.78584	0.08932
89.74876	0.08902
89.71167	0.08516
89.67459	0.07837
89.63750	0.07000
89.60041	0.06164
89.56333	0.05466
89.52624	0.04982
89.48915	0.04716
89.45207	0.04629
89.41498	0.04673
89.37789	0.04814
89.34081	0.05041
89.30372	0.05347
89.26664	0.05709
89.22955	0.06082
89.19246	0.06406
89.15538	0.06631
89.11829	0.06738
89.08120	0.06738
89.04412	0.06669
89.00703	0.06562
88.96995	0.06433
88.93286	0.06287
88.89577	0.06120
88.85869	0.05941
88.82160	0.05767
88.78451	0.05618
88.74743	0.05491
88.71034	0.05353
88.67326	0.05151
88.63617	0.04845
88.59908	0.04439
88.56200	0.03996
88.52491	0.03622
88.48782	0.03419
88.45074	0.03435
88.41365	0.03644
88.37657	0.03955
88.33948	0.04257
88.30239	0.04474
88.26531	0.04586
88.22822	0.04616
88.19113	0.04586
88.15405	0.04474
88.11696	0.04201
88.07988	0.03670
88.04279	0.02832
88.00570	0.01746
87.96862	0.00596
87.93153	-0.00358
87.89444	-0.00874
87.85736	-0.00823
87.82027	-0.00239
87.78319	0.00703
87.74610	0.01749
87.70901	0.02688
87.67193	0.03418
87.63484	0.03956
87.59775	0.04387
87.56067	0.04794
87.52358	0.05201
87.48650	0.05554
87.44941	0.05757
87.41232	0.05727
87.37524	0.05444
87.33815	0.04968
87.30106	0.04414
87.26398	0.03914
87.22689	0.03571
87.18981	0.03430
87.15272	0.03467
87.11563	0.03596
87.07855	0.03683
87.04146	0.03575
87.00437	0.03137
86.96729	0.02302
86.93020	0.01117
86.89312	-0.00236
86.85603	-0.01469
86.81894	-0.02266
86.78186	-0.02383
86.74477	-0.01749
86.70768	-0.00492
86.67060	0.01098
86.63351	0.02685
86.59643	0.04008
86.55934	0.04970
86.52225	0.05639
86.48517	0.06176
86.44808	0.06725
86.41099	0.07325
86.37391	0.07897
86.33682	0.08295
86.29974	0.08403
86.26265	0.08217
86.22556	0.07859
86.18848	0.07528
86.15139	0.07410
86.11430	0.07590
86.07722	0.08021
86.04013	0.08559
86.00304	0.09021
85.96596	0.09260
85.92887	0.09193
85.89179	0.08791
85.85470	0.08051
85.81761	0.06980
85.78053	0.05603
85.74344	0.04001
85.70635	0.02337
85.66927	0.00856
85.63218	-0.00177
85.59510	-0.00557
85.55801	-0.00218
85.52092	0.00735
85.48384	0.02061
85.44675	0.03459
85.40966	0.04646
85.37258	0.05449
85.33549	0.05802
85.29841	0.05727
85.26132	0.05302
85.22423	0.04631
85.18715	0.03849
85.15006	0.03121
85.11297	0.02636
85.07589	0.02560
85.03880	0.02980
85.00172	0.03850
84.96463	0.04992
84.92754	0.06151
84.89046	0.07090
84.85337	0.07682
84.81628	0.07940
84.77920	0.07985
84.74211	0.07959
84.70503	0.07937
84.66794	0.07886
84.63085	0.07694
84.59377	0.07254
84.55668	0.06547
84.51959	0.05672
84.48251	0.04809
84.44542	0.04130
84.40834	0.03713
84.37125	0.03508
84.33416	0.03375
84.29708	0.03179
84.25999	0.02877
84.22290	0.02554
84.18582	0.02393
84.14873	0.02561
84.11165	0.03121
84.07456	0.03992
84.03747	0.04978
84.00039	0.05868
83.96330	0.06519
83.92621	0.06907
83.88913	0.07099
83.85204	0.07184
83.81496	0.07201
83.77787	0.07108
83.74078	0.06817
83.70370	0.06265
83.66661	0.05478
83.62952	0.04585
83.59244	0.03776
83.55535	0.03214
83.51827	0.02956
83.48118	0.02929
83.44409	0.02963
83.40701	0.02872
83.36992	0.02542
83.33283	0.01979
83.29575	0.01306
83.25866	0.00706
83.22158	0.00352
83.18449	0.00353
83.14740	0.00728
83.11032	0.01420
83.07323	0.02324
83.03614	0.03317
82.99906	0.04297
82.96197	0.05183
82.92489	0.05925
82.88780	0.06501
82.85071	0.06918
82.81363	0.07198
82.77654	0.07368
82.73945	0.07439
82.70237	0.07403
82.66528	0.07235
82.62819	0.06909
82.59111	0.06423
82.55402	0.05804
82.51694	0.05114
82.47985	0.04432
82.44276	0.03831
82.40568	0.03370
82.36859	0.03087
82.33150	0.03004
82.29442	0.03131
82.25733	0.03464
82.22025	0.03972
82.18316	0.04589
82.14607	0.05213
82.10899	0.05724
82.07190	0.06017
82.03481	0.06033
81.99773	0.05775
81.96064	0.05304
81.92356	0.04717
81.88647	0.04123
81.84938	0.03625
81.81230	0.03331
81.77521	0.03337
81.73812	0.03721
81.70104	0.04513
81.66395	0.05664
81.62687	0.07017
81.58978	0.08325
81.55269	0.09311
81.51561	0.09755
81.47852	0.09570
81.44143	0.08843
81.40435	0.07795
81.36726	0.06699
81.33018	0.05778
81.29309	0.05141
81.25600	0.04772
81.21892	0.04586
81.18183	0.04499
81.14474	0.04485
81.10766	0.04580
81.07057	0.04835
81.03349	0.05256
80.99640	0.05770
80.95931	0.06239
80.92223	0.06520
80.88514	0.06539
80.84805	0.06329
80.81097	0.06008
80.77388	0.05717
80.73680	0.05530
80.69971	0.05410
80.66262	0.05226
80.62554	0.04804
80.58845	0.04040
80.55136	0.02964
80.51428	0.01737
80.47719	0.00599
80.44011	-0.00222
80.40302	-0.00593
80.36593	-0.00510
80.32885	-0.00075
80.29176	0.00561
80.25467	0.01269
80.21759	0.01979
80.18050	0.02690
80.14342	0.03440
80.10633	0.04271
80.06924	0.05193
80.03216	0.06171
79.99507	0.07127
79.95798	0.07961
79.92090	0.08568
79.88381	0.08864
79.84673	0.08800
79.80964	0.08372
79.77255	0.07628
79.73547	0.06657
79.69838	0.05574
79.66129	0.04497
79.62421	0.03534
79.58712	0.02766
79.55004	0.02244
79.51295	0.01994
79.47586	0.02011
79.43878	0.02258
79.40169	0.02659
79.36460	0.03117
79.32752	0.03534
79.29043	0.03847
79.25334	0.04060
79.21626	0.04240
79.17917	0.04489
79.14209	0.04883
79.10500	0.05412
79.06791	0.05970
79.03083	0.06381
78.99374	0.06486
78.95665	0.06232
78.91957	0.05722
78.88248	0.05192
78.84540	0.04919
78.80831	0.05093
78.77122	0.05729
78.73414	0.06643
78.69705	0.07527
78.65996	0.08076
78.62288	0.08109
78.58579	0.07627
78.54871	0.06791
78.51162	0.05826
78.47453	0.04920
78.43745	0.04157
78.40036	0.03522
78.36327	0.02954
78.32619	0.02420
78.28910	0.01954
78.25202	0.01644
78.21493	0.01573
78.17784	0.01764
78.14076	0.02158
78.10367	0.02641
78.06658	0.03096
78.02950	0.03459
77.99241	0.03746
77.95533	0.04021
77.91824	0.04355
77.88115	0.04773
77.84407	0.05240
77.80698	0.05687
77.76989	0.06047
77.73281	0.06291
77.69572	0.06430
77.65864	0.06490
77.62155	0.06472
77.58446	0.06339
77.54738	0.06027
77.51029	0.05485
77.47320	0.04719
77.43612	0.03814
77.39903	0.02915
77.36195	0.02187
77.32486	0.01760
77.28777	0.01707
77.25069	0.02031
77.21360	0.02687
77.17651	0.03598
77.13943	0.04663
77.10234	0.05743
77.06526	0.06705
77.02817	0.07395
76.99108	0.07703
76.95400	0.07610
76.91691	0.07210
76.87982	0.06689
76.84274	0.06251
76.80565	0.06034
76.76857	0.06048
76.73148	0.06175
76.69439	0.06231
76.65731	0.06069
76.62022	0.05655
76.58313	0.05084
76.54605	0.04531
76.50896	0.04149
76.47188	0.03987
76.43479	0.03972
76.39770	0.03953
76.36062	0.03808
76.32353	0.03525
76.28644	0.03229
76.24936	0.03119
76.21227	0.03359
76.17519	0.03971
76.13810	0.04801
76.10101	0.05572
76.06393	0.06007
76.02684	0.05960
75.98975	0.05488
75.95267	0.04829
75.91558	0.04289
75.87850	0.04107
75.84141	0.04356
75.80432	0.04914
75.76724	0.05540
75.73015	0.05976
75.69306	0.06064
75.65598	0.05801
75.61889	0.05318
75.58180	0.04815
75.54472	0.04471
75.50763	0.04376
75.47055	0.04519
75.43346	0.04808
75.39637	0.05127
75.35929	0.05388
75.32220	0.05563
75.28511	0.05689
75.24803	0.05835
75.21094	0.06067
75.17386	0.06402
75.13677	0.06785
75.09968	0.07089
75.06260	0.07149
75.02551	0.06821
74.98842	0.06047
74.95134	0.04897
74.91425	0.03578
74.87717	0.02385
74.84008	0.01614
74.80299	0.01472
74.76591	0.02009
74.72882	0.03115
74.69173	0.04533
74.65465	0.05985
74.61756	0.07241
74.58048	0.08173
74.54339	0.08759
74.50630	0.09043
74.46922	0.09086
74.43213	0.08929
74.39504	0.08579
74.35796	0.08025
74.32087	0.07253
74.28379	0.06255
74.24670	0.05028
74.20961	0.03572
74.17253	0.01905
74.13544	0.00091
74.09835	-0.01723
74.06127	-0.03294
74.02418	-0.04321
73.98710	-0.04529
73.95001	-0.03782
73.91292	-0.02168
73.87584	-0.00010
73.83875	0.02218
73.80166	0.04038
73.76458	0.05137
73.72749	0.05469
73.69041	0.05244
73.65332	0.04818
73.61623	0.04528
73.57915	0.04540
73.54206	0.04800
73.50497	0.05073
73.46789	0.05093
73.43080	0.04708
73.39372	0.03966
73.35663	0.03095
73.31954	0.02397
73.28246	0.02109
73.24537	0.02300
73.20828	0.02857
73.17120	0.03550
73.13411	0.04151
73.09703	0.04540
73.05994	0.04740
73.02285	0.04887
72.98577	0.05139
72.94868	0.05580
72.91159	0.06169
72.87451	0.06748
72.83742	0.07117
72.80034	0.07115
72.76325	0.06693
72.72616	0.05936
72.68908	0.05024
72.65199	0.04174
72.61490	0.03567
72.57782	0.03304
72.54073	0.03394
72.50365	0.03766
72.46656	0.04303
72.42947	0.04867
72.39239	0.05319
72.35530	0.05525
72.31821	0.05409
72.28113	0.04945
72.24404	0.04182
72.20695	0.03251
72.16987	0.02341
72.13278	0.01665
72.09570	0.01399
72.05861	0.01623
72.02152	0.02298
71.98444	0.03272
71.94735	0.04329
71.91026	0.05252
71.87318	0.05883
71.83609	0.06155
71.79901	0.06079
71.76192	0.05711
71.72483	0.05116
71.68775	0.04343
71.65066	0.03433
71.61357	0.02449
71.57649	0.01504
71.53940	0.00761
71.50232	0.00401
71.46523	0.00563
71.42814	0.01281
71.39106	0.02446
71.35397	0.03821
71.31688	0.05099
71.27980	0.05992
71.24271	0.06310
71.20563	0.06004
71.16854	0.05165
71.13145	0.03968
71.09437	0.02619
71.05728	0.01304
71.02019	0.00168
70.98311	-0.00689
70.94602	-0.01184
70.90894	-0.01250
70.87185	-0.00837
70.83476	0.00065
70.79768	0.01399
70.76059	0.03019
70.72350	0.04708
70.68642	0.06215
70.64933	0.07313
70.61225	0.07860
70.57516	0.07840
70.53807	0.07359
70.50099	0.06616
70.46390	0.05844
70.42681	0.05243
70.38973	0.04935
70.35264	0.04951
70.31556	0.05250
70.27847	0.05762
70.24138	0.06425
70.20430	0.07209
70.16721	0.08102
70.13012	0.09080
70.09304	0.10065
70.05595	0.10912
70.01887	0.11434
69.98178	0.11461
69.94469	0.10901
69.90761	0.09804
69.87052	0.08376
69.83343	0.06925
69.79635	0.05772
69.75926	0.05155
69.72218	0.05154
69.68509	0.05679
69.64800	0.06511
69.61092	0.07378
69.57383	0.08040
69.53674	0.08342
69.49966	0.08236
69.46257	0.07766
69.42549	0.07036
69.38840	0.06176
69.35131	0.05315
69.31423	0.04568
69.27714	0.04013
69.24005	0.03686
69.20297	0.03574
69.16588	0.03621
69.12880	0.03749
69.09171	0.03888
69.05462	0.03997
69.01754	0.04067
68.98045	0.04103
68.94336	0.04096
68.90628	0.04007
68.86919	0.03775
68.83210	0.03357
68.79502	0.02773
68.75793	0.02151
68.72085	0.01700
68.68376	0.01652
68.64667	0.02163
68.60959	0.03233
68.57250	0.04685
68.53541	0.06215
68.49833	0.07494
68.46124	0.08284
68.42416	0.08511
68.38707	0.08264
68.34998	0.07727
68.31290	0.07081
68.27581	0.06426
68.23872	0.05761
68.20164	0.05021
68.16455	0.04153
68.12747	0.03172
68.09038	0.02179
68.05329	0.01326
68.01621	0.00751
67.97912	0.00521
67.94203	0.00610
67.90495	0.00921
67.86786	0.01324
67.83078	0.01711
67.79369	0.02009
67.75660	0.02184
67.71952	0.02226
67.68243	0.02145
67.64534	0.01979
67.60826	0.01813
67.57117	0.01774
67.53409	0.02008
67.49700	0.02625
67.45991	0.03633
67.42283	0.04907
67.38574	0.06209
67.34865	0.07272
67.31157	0.07895
67.27448	0.08030
67.23740	0.07805
67.20031	0.07465
67.16322	0.07272
67.12614	0.07389
67.08905	0.07817
67.05196	0.08400
67.01488	0.08899
66.97779	0.09090
66.94071	0.08853
66.90362	0.08195
66.86653	0.07233
66.82945	0.06123
66.79236	0.05010
66.75527	0.03983
66.71819	0.03091
66.68110	0.02361
66.64402	0.01831
66.60693	0.01557
66.56984	0.01586
66.53276	0.01934
66.49567	0.02548
66.45858	0.03313
66.42150	0.04069
66.38441	0.04665
66.34733	0.04990
66.31024	0.05005
66.27315	0.04743
66.23607	0.04287
66.19898	0.03752
66.16189	0.03253
66.12481	0.02903
66.08772	0.02795
66.05064	0.02997
66.01355	0.03539
65.97646	0.04394
65.93938	0.05472
65.90229	0.06628
65.86520	0.07690
65.82812	0.08505
65.79103	0.08983
65.75395	0.09121
65.71686	0.09004
65.67977	0.08767
65.64269	0.08547
65.60560	0.08438
65.56851	0.08459
65.53143	0.08566
65.49434	0.08680
65.45725	0.08726
65.42017	0.08660
65.38308	0.08476
65.34600	0.08188
65.30891	0.07801
65.27182	0.07302
65.23474	0.06670
65.19765	0.05895
65.16056	0.05021
65.12348	0.04158
65.08639	0.03462
65.04931	0.03092
65.01222	0.03145
64.97513	0.03617
64.93805	0.04403
64.90096	0.05333
64.86387	0.06241
64.82679	0.07017
64.78970	0.07632
64.75262	0.08118
64.71553	0.08512
64.67844	0.08807
64.64136	0.08938
64.60427	0.08801
64.56718	0.08309
64.53010	0.07450
64.49301	0.06308
64.45593	0.05038
64.41884	0.03820
64.38175	0.02784
64.34467	0.01985
64.30758	0.01404
64.27049	0.00987
64.23341	0.00693
64.19632	0.00515
64.15924	0.00469
64.12215	0.00560
64.08506	0.00735
64.04798	0.00894
64.01089	0.00888
63.97380	0.00595
63.93672	-0.00019
63.89963	-0.00875
63.86255	-0.01794
63.82546	-0.02553
63.78837	-0.02953
63.75129	-0.02866
63.71420	-0.02261
63.67711	-0.01196
63.64003	0.00198
63.60294	0.01742
63.56586	0.03232
63.52877	0.04477
63.49168	0.05337
63.45460	0.05774
63.41751	0.05880
63.38042	0.05856
63.34334	0.05948
63.30625	0.06340
63.26917	0.07063
63.23208	0.07953
63.19499	0.08703
63.15791	0.08985
63.12082	0.08602
63.08373	0.07585
63.04665	0.06207
63.00956	0.04880
62.97248	0.03994
62.93539	0.03772
62.89830	0.04195
62.86122	0.05042
62.82413	0.05982
62.78704	0.06723
62.74996	0.07094
62.71287	0.07060
62.67579	0.06677
62.63870	0.06017
62.60161	0.05134
62.56453	0.04069
62.52744	0.02896
62.49035	0.01755
62.45327	0.00844
62.41618	0.00355
62.37910	0.00388
62.34201	0.00883
62.30492	0.01626
62.26784	0.02314
62.23075	0.02671
62.19366	0.02547
62.15658	0.01965
62.11949	0.01096
62.08241	0.00179
62.04532	-0.00556
62.00823	-0.00945
61.97115	-0.00900
61.93406	-0.00389
61.89697	0.00574
61.85989	0.01930
61.82280	0.03552
61.78571	0.05239
61.74863	0.06740
61.71154	0.07825
61.67446	0.08368
61.63737	0.08423
61.60028	0.08203
61.56320	0.08006
61.52611	0.08095
61.48902	0.08579
61.45194	0.09368
61.41485	0.10221
61.37777	0.10850
61.34068	0.11052
61.30359	0.10776
61.26651	0.10117
61.22942	0.09230
61.19233	0.08244
61.15525	0.07203
61.11816	0.06092
61.08108	0.04906
61.04399	0.03727
61.00690	0.02745
60.96982	0.02189
60.93273	0.02209
60.89564	0.02754
60.85856	0.03547
60.82147	0.04167
60.78439	0.04223
60.74730	0.03541
60.71021	0.02273
60.67313	0.00858
60.63604	-0.00149
60.59895	-0.00315
60.56187	0.00486
60.52478	0.02010
60.48770	0.03737
60.45061	0.05105
60.41352	0.05705
60.37644	0.05425
60.33935	0.04457
60.30226	0.03178
60.26518	0.01993
60.22809	0.01190
60.19101	0.00893
60.15392	0.01092
60.11683	0.01721
60.07975	0.02723
60.04266	0.04057
60.00557	0.05667
59.96849	0.07429
59.93140	0.09134
59.89432	0.10523
59.85723	0.11370
59.82014	0.11565
59.78306	0.11145
59.74597	0.10265
59.70888	0.09119
59.67180	0.07850
59.63471	0.06513
59.59763	0.05100
59.56054	0.03615
59.52345	0.02141
59.48637	0.00865
59.44928	0.00026
59.41219	-0.00183
59.37511	0.00284
59.33802	0.01290
59.30094	0.02531
59.26385	0.03685
59.22676	0.04492
59.18968	0.04823
59.15259	0.04684
59.11550	0.04168
59.07842	0.03388
59.04133	0.02439
59.00425	0.01399
58.96716	0.00371
58.93007	-0.00500
58.89299	-0.01039
58.85590	-0.01102
58.81881	-0.00650
58.78173	0.00206
58.74464	0.01230
58.70756	0.02155
58.67047	0.02795
58.63338	0.03128
58.59630	0.03298
58.55921	0.03530
58.52212	0.04002
58.48504	0.04750
58.44795	0.05637
58.41086	0.06424
58.37378	0.06887
58.33669	0.06928
58.29961	0.06622
58.26252	0.06175
58.22543	0.05824
58.18835	0.05742
58.15126	0.05976
58.11417	0.06444
58.07709	0.07032
58.04000	0.07637
58.00292	0.08187
57.96583	0.08622
57.92874	0.08869
57.89166	0.08827
57.85457	0.08397
57.81748	0.07537
57.78040	0.06312
57.74331	0.04901
57.70623	0.03542
57.66914	0.02445
57.63205	0.01714
57.59497	0.01321
57.55788	0.01146
57.52079	0.01065
57.48371	0.01023
57.44662	0.01071
57.40954	0.01321
57.37245	0.01871
57.33536	0.02729
57.29828	0.03794
57.26119	0.04897
57.22410	0.05870
57.18702	0.06605
57.14993	0.07067
57.11285	0.07250
57.07576	0.07118
57.03867	0.06590
57.00159	0.05577
56.96450	0.04071
56.92741	0.02209
56.89033	0.00385
56.85324	-0.00940
56.81616	-0.01376
56.77907	-0.00772
56.74198	0.00701
56.70490	0.02598
56.66781	0.04372
56.63072	0.05578
56.59364	0.06023
56.55655	0.05784
56.51947	0.05119
56.48238	0.04310
56.44529	0.03550
56.40821	0.02914
56.37112	0.02412
56.33403	0.02086
56.29695	0.02048
56.25986	0.02449
56.22278	0.03385
56.18569	0.04800
56.14860	0.06467
56.11152	0.08064
56.07443	0.09319
56.03734	0.10144
56.00026	0.10685
55.96317	0.11259
55.92609	0.12216
55.88900	0.13797
55.85191	0.16052
55.81483	0.18851
55.77774	0.21933
55.74065	0.24782
55.70357	0.26995
55.66648	0.27980
55.62940	0.27062
55.59231	0.23633
55.55522	0.17431
55.51814	0.08828
55.48105	-0.01012
55.44396	-0.10287
55.40688	-0.17027
55.36979	-0.19747
55.33271	-0.18018
55.29562	-0.12680
55.25853	-0.05577
55.22145	0.01104
55.18436	0.05623
55.14727	0.07250
55.11019	0.06384
55.07310	0.04200
55.03601	0.02015
54.99893	0.00711
54.96184	0.00452
54.92476	0.00794
54.88767	0.01078
54.85058	0.00845
54.81350	0.00071
54.77641	-0.00885
54.73932	-0.01549
54.70224	-0.01617
54.66515	-0.01110
54.62807	-0.00308
54.59098	0.00444
54.55389	0.00978
54.51681	0.01293
54.47972	0.01574
54.44263	0.01995
54.40555	0.02588
54.36846	0.03230
54.33138	0.03754
54.29429	0.04092
54.25720	0.04349
54.22012	0.04740
54.18303	0.05444
54.14594	0.06458
54.10886	0.07564
54.07177	0.08441
54.03469	0.08859
53.99760	0.08829
53.96051	0.08623
53.92343	0.08622
53.88634	0.09097
53.84925	0.10028
53.81217	0.11084
53.77508	0.11778
53.73800	0.11705
53.70091	0.10747
53.66382	0.09118
53.62674	0.07254
53.58965	0.05594
53.55256	0.04386
53.51548	0.03617
53.47839	0.03078
53.44131	0.02518
53.40422	0.01792
53.36713	0.00946
53.33005	0.00095
53.29296	-0.00592
53.25587	-0.00990
53.21879	-0.01052
53.18170	-0.00784
53.14462	-0.00203
53.10753	0.00675
53.07044	0.01825
53.03336	0.03170
52.99627	0.04559
52.95918	0.05786
52.92210	0.06656
52.88501	0.07051
52.84793	0.06978
52.81084	0.06551
52.77375	0.05926
52.73667	0.05218
52.69958	0.04457
52.66249	0.03589
52.62541	0.02542
52.58832	0.01301
52.55124	-0.00038
52.51415	-0.01262
52.47706	-0.02094
52.43998	-0.02277
52.40289	-0.01659
52.36580	-0.00253
52.32872	0.01744
52.29163	0.03976
52.25455	0.06001
52.21746	0.07394
52.18037	0.07856
52.14329	0.07351
52.10620	0.06077
52.06911	0.04455
52.03203	0.02991
51.99494	0.02114
51.95786	0.02015
51.92077	0.02578
51.88368	0.03433
51.84660	0.04102
51.80951	0.04196
51.77242	0.03559
51.73534	0.02316
51.69825	0.00794
51.66116	-0.00618
51.62408	-0.01614
51.58699	-0.02040
51.54991	-0.01886
51.51282	-0.01215
51.47573	-0.00096
51.43865	0.01411
51.40156	0.03212
51.36447	0.05123
51.32739	0.06847
51.29030	0.08028
51.25322	0.08372
51.21613	0.07777
51.17904	0.06396
51.14196	0.04607
51.10487	0.02868
51.06778	0.01559
51.03070	0.00852
50.99361	0.00702
50.95653	0.00910
50.91944	0.01283
50.88235	0.01734
50.84527	0.02301
50.80818	0.03083
50.77109	0.04129
50.73401	0.05354
50.69692	0.06547
50.65984	0.07444
50.62275	0.07858
50.58566	0.07759
50.54858	0.07286
50.51149	0.06666
50.47440	0.06089
50.43732	0.05616
50.40023	0.05161
50.36315	0.04558
50.32606	0.03679
50.28897	0.02528
50.25189	0.01275
50.21480	0.00202
50.17771	-0.00405
50.14063	-0.00366
50.10354	0.00335
50.06646	0.01563
50.02937	0.03090
49.99228	0.04686
