0.050	0.905	0.000
0.052	1.289	0.000
0.058	1.504	0.000
0.064	1.696	0.000
0.070	1.888	0.000
0.074	2.081	0.000
0.084	2.273	0.000
0.090	2.454	0.000
0.098	2.623	0.000
0.108	2.816	0.000
0.116	2.985	0.000
0.124	3.155	0.000
0.130	3.313	0.000
0.142	3.483	0.000
0.152	3.641	0.000
0.158	3.799	0.000
0.166	3.946	0.000
0.178	4.082	0.000
0.190	4.218	0.000
0.198	4.376	0.000
0.212	4.512	0.000
0.223	4.625	0.000
0.234	4.749	0.000
0.249	4.873	0.000
0.261	4.975	0.000
0.271	5.100	0.000
0.285	5.213	0.000
0.297	5.314	0.000
0.309	5.450	0.000
0.323	5.529	0.000
0.337	5.654	0.000
0.347	5.733	0.000
0.359	5.846	0.000
0.373	5.948	0.000
0.387	6.038	0.000
0.399	6.140	0.000
0.413	6.230	0.000
0.425	6.332	0.000
0.442	6.400	0.000
0.454	6.513	0.000
0.468	6.603	0.000
0.484	6.694	0.000
0.494	6.784	0.000
0.510	6.886	0.000
0.522	6.954	0.000
0.538	7.056	0.000
0.552	7.146	0.000
0.566	7.248	0.000
0.582	7.316	0.000
0.596	7.417	0.000
0.610	7.485	0.000
0.623	7.564	0.000
0.636	7.655	0.000
0.651	7.745	0.000
0.665	7.824	0.000
0.681	7.881	0.000
0.697	7.994	0.000
0.709	8.073	0.000
0.727	8.164	0.000
0.739	8.220	0.000
0.749	8.311	0.000
0.763	8.390	0.000
0.779	8.480	0.000
0.795	8.582	0.000
0.805	8.672	0.000
0.824	8.763	0.000
0.836	8.887	0.000
0.846	9.000	0.000
0.860	9.113	0.000
0.868	9.260	0.000
0.878	9.407	0.000
0.890	9.554	0.000
0.898	9.690	0.000
0.908	9.837	0.000
0.914	9.995	0.000
0.928	10.154	0.000
0.936	10.312	0.000
0.946	10.459	0.000
0.956	10.606	0.000
0.964	10.764	0.000
0.974	10.934	0.000
0.984	11.103	0.000
0.994	11.250	0.000
1.002	11.409	0.000
1.012	11.556	0.000
1.022	11.703	0.000
1.030	11.838	0.000
1.045	11.997	0.000
1.055	12.144	0.000
1.065	12.257	0.000
1.077	12.370	0.000
1.089	12.494	0.000
1.103	12.596	0.000
1.113	12.709	0.000
1.127	12.811	0.000
1.137	12.901	0.000
1.153	12.991	0.000
1.165	13.082	0.000
1.183	13.172	0.000
1.195	13.263	0.000
1.213	13.331	0.000
1.226	13.421	0.000
1.240	13.489	0.000
1.256	13.579	0.000
1.270	13.636	0.000
1.286	13.715	0.000
1.304	13.783	0.000
1.318	13.839	0.000
1.332	13.896	0.000
1.350	13.964	0.000
1.364	14.032	0.000
1.380	14.100	0.000
1.396	14.156	0.000
1.412	14.201	0.000
1.425	14.258	0.000
1.443	14.326	0.000
1.459	14.371	0.000
1.477	14.427	0.000
1.491	14.495	0.000
1.509	14.540	0.000
1.521	14.597	0.000
1.539	14.654	0.000
1.553	14.699	0.050
1.573	14.721	1.550
1.591	14.767	4.650
1.607	14.801	7.950
1.627	14.846	11.200
1.644	14.868	14.650
1.662	14.902	17.600
1.680	14.925	20.950
1.698	14.970	24.950
1.712	15.004	27.850
1.734	15.038	31.100
1.750	15.061	34.550
1.770	15.083	37.300
1.788	15.117	40.000
1.802	15.151	44.300
1.821	15.196	46.850
1.839	15.219	49.650
1.857	15.241	53.100
1.875	15.253	56.800
1.891	15.275	61.350
1.909	15.309	64.700
1.931	15.343	68.100
1.949	15.377	71.500
1.963	15.400	74.250
1.981	15.422	77.850
1.999	15.445	80.850
2.019	15.468	81.000
2.035	15.502	81.850
2.054	15.524	85.450
2.072	15.558	89.750
2.090	15.592	92.900
2.110	15.603	94.600
2.128	15.626	96.900
2.146	15.649	99.200
2.162	15.671	100.650
2.182	15.705	103.000
2.200	15.739	106.100
2.218	15.750	106.850
2.236	15.773	107.700
2.255	15.796	110.600
2.273	15.807	118.600
2.289	15.829	120.750
2.287	15.829	120.800
2.291	15.829	121.050
2.289	15.841	119.050
2.289	15.829	117.600
2.291	15.829	120.150
2.289	15.829	121.700
2.289	15.829	120.800
2.291	15.829	119.850
2.291	15.829	120.550
2.289	15.841	123.000
2.291	15.841	121.350
2.291	15.841	124.150
2.287	15.829	124.650
2.289	15.841	123.950
2.289	15.829	123.300
2.291	15.841	121.350
2.289	15.829	119.450
2.289	15.841	118.300
2.289	15.829	118.850
2.289	15.852	120.150
2.291	15.841	121.050
2.289	15.829	123.100
2.289	15.841	123.150
2.289	15.841	123.250
2.291	15.841	124.200
2.291	15.829	124.100
2.289	15.841	123.200
2.291	15.841	124.700
2.289	15.829	122.900
2.289	15.841	121.800
2.293	15.841	122.300
2.291	15.841	121.700
2.289	15.841	124.650
2.289	15.852	125.400
2.289	15.829	124.650
2.291	15.841	124.550
2.289	15.841	124.350
2.291	15.841	124.500
2.291	15.841	124.600
2.293	15.841	124.100
2.293	15.829	125.750
2.291	15.829	125.450
2.291	15.829	124.300
2.289	15.841	124.750
2.291	15.829	125.750
2.289	15.841	125.650
2.291	15.841	126.300
2.289	15.841	125.350
2.289	15.841	125.300
2.291	15.841	125.000
2.289	15.841	124.600
2.291	15.829	124.350
2.289	15.829	123.300
2.291	15.852	119.950
2.289	15.841	118.550
2.291	15.841	122.650
2.291	15.829	123.450
2.289	15.841	122.900
2.291	15.841	124.400
2.291	15.841	124.250
2.289	15.829	124.100
2.291	15.841	125.350
2.291	15.841	125.200
2.289	15.841	125.700
2.291	15.829	125.550
2.291	15.829	125.850
2.291	15.841	125.600
2.289	15.841	125.850
2.289	15.829	125.200
2.289	15.829	125.500
2.289	15.841	124.750
2.289	15.841	123.600
2.291	15.829	122.050
2.289	15.829	122.350
2.291	15.841	123.850
2.289	15.841	123.800
2.289	15.841	121.000
2.293	15.841	118.400
2.291	15.829	117.200
2.289	15.841	116.450
2.289	15.829	116.700
2.291	15.841	114.200
2.289	15.829	113.000
2.289	15.841	114.300
